YEAR	DAY	HOUR	MINUTE	SECOND	CDP	SOU_X	SOU_Y
2020	284	12	19	33	48	591791.73927	10663172.03472
2020	284	12	19	35	49	591787.40476	10663168.94333
2020	284	12	19	37	51	591783.19843	10663165.94337
2020	284	12	19	39	53	591779.01721	10663162.96132
2020	284	12	19	41	54	591774.75107	10663159.91871
2020	284	12	19	43	56	591770.45295	10663156.85328
2020	284	12	19	45	58	591766.16575	10663153.79564
2020	284	12	19	47	59	591761.87369	10663150.73454
2020	284	12	19	49	61	591757.55721	10663147.65602
2020	284	12	19	51	63	591753.26009	10663144.59131
2020	284	12	19	53	65	591748.96615	10663141.52886
2020	284	12	19	55	66	591744.66389	10663138.48697
2020	284	12	19	57	68	591740.22577	10663135.49316
2020	284	12	19	59	70	591736.02893	10663132.29523
2020	284	12	20	1	71	591731.86207	10663129.24181
2020	284	12	20	3	73	591727.78795	10663126.00813
2020	284	12	20	5	75	591723.63605	10663122.92058
2020	284	12	20	7	76	591719.41935	10663120.00315
2020	284	12	20	9	78	591715.30859	10663116.94096
2020	284	12	20	11	80	591711.16953	10663113.89565
2020	284	12	20	13	81	591706.92017	10663111.03662
2020	284	12	20	15	83	591702.55565	10663108.25969
2020	284	12	20	17	84	591698.31422	10663105.33869
2020	284	12	20	19	86	591693.99540	10663102.56390
2020	284	12	20	21	88	591689.54728	10663100.07658
2020	284	12	20	23	89	591685.06069	10663097.54669
2020	284	12	20	25	91	591680.53649	10663095.03999
2020	284	12	20	27	93	591676.01196	10663092.68977
2020	284	12	20	29	94	591671.45550	10663090.30581
2020	284	12	20	31	96	591666.99512	10663087.86382
2020	284	12	20	33	98	591662.50877	10663085.50338
2020	284	12	20	35	99	591658.09293	10663083.03976
2020	284	12	20	37	101	591653.73758	10663080.52105
2020	284	12	20	39	102	591649.36868	10663078.08276
2020	284	12	20	41	104	591645.02427	10663075.60778
2020	284	12	20	43	106	591640.81938	10663072.93807
2020	284	12	20	45	107	591636.73885	10663070.18223
2020	284	12	20	47	109	591632.64811	10663067.48623
2020	284	12	20	49	110	591628.56830	10663064.66900
2020	284	12	20	51	112	591624.54128	10663061.80492
2020	284	12	20	53	114	591620.38206	10663058.96716
2020	284	12	20	55	115	591616.27032	10663056.11468
2020	284	12	20	57	117	591612.11497	10663053.40711
2020	284	12	20	59	118	591607.97066	10663050.63621
2020	284	12	21	1	120	591603.83685	10663047.88828
2020	284	12	21	3	121	591599.76330	10663045.10285
2020	284	12	21	5	123	591595.60580	10663042.42879
2020	284	12	21	7	125	591591.46879	10663039.74939
2020	284	12	21	9	126	591587.37641	10663036.94497
2020	284	12	21	11	128	591583.22764	10663034.18086
2020	284	12	21	13	129	591579.19271	10663031.40167
2020	284	12	21	15	131	591575.13583	10663028.65744
2020	284	12	21	17	133	591571.25182	10663025.74916
2020	284	12	21	19	134	591567.22194	10663022.87574
2020	284	12	21	21	136	591563.19987	10663020.04316
2020	284	12	21	23	137	591559.25470	10663017.11077
2020	284	12	21	25	139	591555.26301	10663014.23599
2020	284	12	21	27	140	591551.17441	10663011.48944
2020	284	12	21	29	142	591547.02501	10663008.71944
2020	284	12	21	31	144	591543.12700	10663005.82450
2020	284	12	21	33	145	591539.11111	10663003.11065
2020	284	12	21	35	147	591535.01338	10663000.41178
2020	284	12	21	37	148	591531.06237	10662997.64874
2020	284	12	21	39	150	591527.11218	10662994.91687
2020	284	12	21	41	151	591523.00350	10662992.36053
2020	284	12	21	43	153	591518.94093	10662989.72670
2020	284	12	21	45	154	591514.98753	10662987.02707
2020	284	12	21	47	156	591510.97345	10662984.48675
2020	284	12	21	49	157	591507.00831	10662981.84774
2020	284	12	21	51	159	591503.13026	10662979.06576
2020	284	12	21	53	160	591499.30795	10662976.28891
2020	284	12	21	55	162	591495.41069	10662973.61821
2020	284	12	21	57	163	591491.51288	10662970.93271
2020	284	12	21	59	165	591487.59179	10662968.16897
2020	284	12	22	1	167	591483.51669	10662965.62566
2020	284	12	22	3	168	591479.46417	10662963.16548
2020	284	12	22	5	170	591475.34247	10662960.66080
2020	284	12	22	7	171	591471.18476	10662958.22247
2020	284	12	22	9	173	591467.06008	10662955.75347
2020	284	12	22	11	174	591463.04395	10662953.15699
2020	284	12	22	13	176	591459.00442	10662950.63114
2020	284	12	22	15	177	591454.99430	10662948.04868
2020	284	12	22	17	179	591450.96660	10662945.44152
2020	284	12	22	19	180	591447.01422	10662942.81007
2020	284	12	22	21	182	591443.07836	10662940.21861
2020	284	12	22	23	183	591439.14243	10662937.62294
2020	284	12	22	25	185	591435.31329	10662934.93306
2020	284	12	22	27	186	591431.57811	10662932.24477
2020	284	12	22	29	188	591427.83949	10662929.53097
2020	284	12	22	31	189	591424.12368	10662926.77424
2020	284	12	22	33	191	591420.44481	10662924.00661
2020	284	12	22	35	192	591416.85113	10662921.20120
2020	284	12	22	37	194	591413.18838	10662918.33545
2020	284	12	22	39	195	591409.50957	10662915.52313
2020	284	12	22	41	197	591405.83536	10662912.73102
2020	284	12	22	43	198	591402.16753	10662909.91948
2020	284	12	22	45	200	591398.40420	10662907.05959
2020	284	12	22	47	201	591394.59757	10662904.35969
2020	284	12	22	49	203	591390.75556	10662901.80982
2020	284	12	22	51	204	591386.87856	10662899.22259
2020	284	12	22	53	206	591383.03704	10662896.59542
2020	284	12	22	55	207	591379.19185	10662894.15886
2020	284	12	22	57	208	591375.31599	10662891.79690
2020	284	12	22	59	210	591371.40648	10662889.28429
2020	284	12	23	1	211	591367.66195	10662886.68738
2020	284	12	23	3	213	591363.97896	10662884.07233
2020	284	12	23	5	214	591360.24203	10662881.46001
2020	284	12	23	7	216	591356.67963	10662878.56354
2020	284	12	23	9	217	591353.36320	10662875.64218
2020	284	12	23	11	219	591349.99610	10662872.74883
2020	284	12	23	13	220	591346.56918	10662869.89819
2020	284	12	23	15	222	591343.25771	10662866.97526
2020	284	12	23	17	223	591340.07586	10662864.04105
2020	284	12	23	19	224	591336.70155	10662861.25269
2020	284	12	23	21	226	591333.25451	10662858.47346
2020	284	12	23	23	227	591330.02499	10662855.55171
2020	284	12	23	25	229	591326.77110	10662852.68060
2020	284	12	23	27	230	591323.37994	10662849.97671
2020	284	12	23	29	231	591319.96028	10662847.08161
2020	284	12	23	31	233	591316.58577	10662844.19739
2020	284	12	23	33	234	591313.19533	10662841.44589
2020	284	12	23	35	236	591309.64808	10662838.69413
2020	284	12	23	37	237	591306.11114	10662835.97393
2020	284	12	23	39	238	591302.43334	10662833.33862
2020	284	12	23	41	240	591298.78715	10662830.79484
2020	284	12	23	43	241	591295.15098	10662828.24866
2020	284	12	23	45	243	591291.33002	10662825.85576
2020	284	12	23	47	244	591287.53938	10662823.45766
2020	284	12	23	49	246	591283.77851	10662821.01552
2020	284	12	23	51	247	591279.89210	10662818.72609
2020	284	12	23	53	248	591275.92133	10662816.44232
2020	284	12	23	55	250	591272.03821	10662814.13564
2020	284	12	23	57	251	591268.07112	10662811.93293
2020	284	12	23	59	253	591264.01556	10662809.73216
2020	284	12	24	1	254	591259.97088	10662807.47313
2020	284	12	24	3	256	591255.81374	10662805.32797
2020	284	12	24	5	257	591251.47324	10662803.26956
2020	284	12	24	7	259	591247.23891	10662801.21670
2020	284	12	24	9	260	591242.91720	10662799.17269
2020	284	12	24	11	262	591238.56972	10662797.17589
2020	284	12	24	13	263	591234.29495	10662795.02156
2020	284	12	24	15	265	591230.01014	10662792.81627
2020	284	12	24	17	267	591225.77578	10662790.59054
2020	284	12	24	19	268	591221.40815	10662788.25724
2020	284	12	24	21	270	591217.11716	10662785.85280
2020	284	12	24	23	271	591212.93454	10662783.31080
2020	284	12	24	25	273	591208.77417	10662780.67900
2020	284	12	24	27	274	591204.62950	10662778.04454
2020	284	12	24	29	276	591200.58041	10662775.21134
2020	284	12	24	31	278	591196.56423	10662772.41569
2020	284	12	24	33	279	591192.37687	10662769.76706
2020	284	12	24	35	281	591188.30684	10662766.96979
2020	284	12	24	37	282	591184.31944	10662764.14570
2020	284	12	24	39	284	591180.24204	10662761.34753
2020	284	12	24	41	285	591176.22301	10662758.44336
2020	284	12	24	43	287	591172.31180	10662755.42722
2020	284	12	24	45	289	591168.21373	10662752.50628
2020	284	12	24	47	290	591164.08033	10662749.57117
2020	284	12	24	49	292	591159.97532	10662746.63358
2020	284	12	24	51	294	591155.70196	10662743.87838
2020	284	12	24	53	295	591151.43634	10662741.14901
2020	284	12	24	55	297	591147.10114	10662738.43492
2020	284	12	24	57	298	591142.75510	10662735.93321
2020	284	12	24	59	300	591138.30794	10662733.40693
2020	284	12	25	1	302	591133.89254	10662730.86443
2020	284	12	25	3	303	591129.30713	10662728.51189
2020	284	12	25	5	305	591124.72264	10662726.19063
2020	284	12	25	7	307	591120.30361	10662723.72553
2020	284	12	25	9	308	591115.66382	10662721.41533
2020	284	12	25	11	310	591110.98506	10662719.17782
2020	284	12	25	13	312	591106.32822	10662716.84479
2020	284	12	25	15	313	591101.72977	10662714.52391
2020	284	12	25	17	315	591096.93229	10662712.50084
2020	284	12	25	19	316	591092.12274	10662710.34446
2020	284	12	25	21	318	591087.41295	10662708.16004
2020	284	12	25	23	320	591082.67008	10662706.13679
2020	284	12	25	25	321	591077.94329	10662704.15349
2020	284	12	25	27	323	591073.13254	10662702.04679
2020	284	12	25	29	325	591068.40972	10662699.86819
2020	284	12	25	31	326	591063.73393	10662697.72607
2020	284	12	25	33	328	591059.02651	10662695.48478
2020	284	12	25	35	330	591054.25631	10662693.02847
2020	284	12	25	37	332	591049.76583	10662690.47128
2020	284	12	25	39	333	591045.22980	10662687.94835
2020	284	12	25	41	335	591040.70018	10662685.24500
2020	284	12	25	43	337	591036.23437	10662682.34565
2020	284	12	25	45	338	591032.00527	10662679.36294
2020	284	12	25	47	340	591027.63449	10662676.46504
2020	284	12	25	49	342	591023.38240	10662673.36507
2020	284	12	25	51	343	591019.14036	10662670.23904
2020	284	12	25	53	345	591014.97186	10662667.11490
2020	284	12	25	55	347	591010.79058	10662663.96301
2020	284	12	25	57	348	591006.58926	10662660.80220
2020	284	12	25	59	350	591002.43358	10662657.52051
2020	284	12	26	1	352	590998.33707	10662654.24007
2020	284	12	26	3	353	590994.32862	10662650.91657
2020	284	12	26	5	355	590990.11165	10662647.69984
2020	284	12	26	7	357	590985.93659	10662644.46814
2020	284	12	26	9	358	590981.73478	10662641.34257
2020	284	12	26	11	360	590977.48465	10662638.33148
2020	284	12	26	13	362	590973.16040	10662635.32729
2020	284	12	26	15	363	590968.88668	10662632.44182
2020	284	12	26	17	365	590964.67699	10662629.62395
2020	284	12	26	19	367	590960.39928	10662626.72639
2020	284	12	26	21	368	590956.21614	10662623.83384
2020	284	12	26	23	370	590951.91529	10662621.10197
2020	284	12	26	25	372	590947.65040	10662618.33195
2020	284	12	26	27	373	590943.35751	10662615.43428
2020	284	12	26	29	375	590939.09185	10662612.78072
2020	284	12	26	31	376	590934.83990	10662610.14182
2020	284	12	26	33	378	590930.75527	10662607.38947
2020	284	12	26	35	380	590926.62578	10662604.67705
2020	284	12	26	37	381	590922.37344	10662602.10277
2020	284	12	26	39	383	590918.14728	10662599.54408
2020	284	12	26	41	384	590914.07647	10662596.77644
2020	284	12	26	43	386	590909.73872	10662594.20486
2020	284	12	26	45	388	590905.40320	10662591.74908
2020	284	12	26	47	389	590901.23440	10662589.15366
2020	284	12	26	49	391	590897.17522	10662586.48819
2020	284	12	26	51	392	590893.08147	10662583.78584
2020	284	12	26	53	394	590888.96923	10662581.16355
2020	284	12	26	55	395	590884.92338	10662578.40586
2020	284	12	26	57	397	590880.99552	10662575.50103
2020	284	12	26	59	399	590876.93691	10662572.70506
2020	284	12	27	1	400	590872.85988	10662569.85659
2020	284	12	27	3	402	590868.77150	10662567.02878
2020	284	12	27	5	403	590864.81873	10662564.14914
2020	284	12	27	7	405	590860.80545	10662561.35182
2020	284	12	27	9	406	590856.68171	10662558.68522
2020	284	12	27	11	408	590852.53815	10662556.01247
2020	284	12	27	13	410	590848.40216	10662553.38433
2020	284	12	27	15	411	590844.29984	10662550.85602
2020	284	12	27	17	413	590840.09938	10662548.42693
2020	284	12	27	19	414	590835.89612	10662545.87015
2020	284	12	27	21	416	590831.74728	10662543.30863
2020	284	12	27	23	417	590827.59522	10662540.83285
2020	284	12	27	25	419	590823.40585	10662538.34317
2020	284	12	27	27	420	590819.26080	10662535.70662
2020	284	12	27	29	422	590815.09768	10662533.14409
2020	284	12	27	31	424	590811.00876	10662530.64237
2020	284	12	27	33	425	590806.85006	10662528.08416
2020	284	12	27	35	427	590802.82180	10662525.40866
2020	284	12	27	37	428	590798.65968	10662522.87463
2020	284	12	27	39	430	590794.44668	10662520.38160
2020	284	12	27	41	431	590790.29787	10662517.76069
2020	284	12	27	43	433	590786.15569	10662515.15429
2020	284	12	27	45	435	590781.88422	10662512.72286
2020	284	12	27	47	436	590777.75660	10662510.30338
2020	284	12	27	49	438	590773.72294	10662507.64277
2020	284	12	27	51	439	590769.64558	10662505.19047
2020	284	12	27	53	441	590765.44543	10662502.81086
2020	284	12	27	55	442	590761.41579	10662500.17158
2020	284	12	27	57	444	590757.52151	10662497.44042
2020	284	12	27	59	445	590753.42523	10662494.90190
2020	284	12	28	1	447	590749.41214	10662492.16816
2020	284	12	28	3	448	590745.54621	10662489.34597
2020	284	12	28	5	450	590741.65506	10662486.61556
2020	284	12	28	7	451	590737.55475	10662483.98890
2020	284	12	28	9	453	590733.51985	10662481.19852
2020	284	12	28	11	455	590729.56193	10662478.44589
2020	284	12	28	13	456	590725.45453	10662475.78079
2020	284	12	28	15	458	590721.37274	10662473.07150
2020	284	12	28	17	459	590717.46950	10662470.29177
2020	284	12	28	19	461	590713.49140	10662467.67616
2020	284	12	28	21	462	590709.45198	10662464.97026
2020	284	12	28	23	464	590705.52288	10662462.24525
2020	284	12	28	25	465	590701.63658	10662459.58298
2020	284	12	28	27	467	590697.70539	10662456.86144
2020	284	12	28	29	468	590693.72842	10662454.19666
2020	284	12	28	31	470	590689.88655	10662451.39574
2020	284	12	28	33	471	590685.96032	10662448.74628
2020	284	12	28	35	473	590682.03310	10662445.99626
2020	284	12	28	37	475	590678.10438	10662443.25849
2020	284	12	28	39	476	590674.09142	10662440.60416
2020	284	12	28	41	478	590670.22067	10662437.74135
2020	284	12	28	43	479	590666.28912	10662434.94148
2020	284	12	28	45	481	590662.27434	10662432.27146
2020	284	12	28	47	482	590658.31145	10662429.56391
2020	284	12	28	49	484	590654.39804	10662426.79284
2020	284	12	28	51	485	590650.40616	10662424.09883
2020	284	12	28	53	487	590646.28169	10662421.57051
2020	284	12	28	55	488	590642.19670	10662418.94186
2020	284	12	28	57	490	590638.24129	10662416.18487
2020	284	12	28	59	491	590634.19797	10662413.49680
2020	284	12	29	1	493	590630.12469	10662410.84274
2020	284	12	29	3	495	590626.23406	10662408.00491
2020	284	12	29	5	496	590622.43976	10662405.08375
2020	284	12	29	7	498	590618.57027	10662402.27103
2020	284	12	29	9	499	590614.63378	10662399.47204
2020	284	12	29	11	501	590610.80336	10662396.51241
2020	284	12	29	13	502	590606.85188	10662393.76068
2020	284	12	29	15	504	590602.82470	10662391.08457
2020	284	12	29	17	505	590598.85624	10662388.34963
2020	284	12	29	19	507	590594.92927	10662385.57874
2020	284	12	29	21	508	590590.94068	10662382.92046
2020	284	12	29	23	510	590586.97970	10662380.24721
2020	284	12	29	25	512	590583.08658	10662377.48551
2020	284	12	29	27	513	590579.09566	10662374.81874
2020	284	12	29	29	515	590575.05558	10662372.19655
2020	284	12	29	31	516	590571.00992	10662369.57938
2020	284	12	29	33	518	590567.03058	10662366.87667
2020	284	12	29	35	519	590562.93855	10662364.26633
2020	284	12	29	37	521	590558.87103	10662361.67357
2020	284	12	29	39	522	590554.87141	10662359.03682
2020	284	12	29	41	524	590550.84678	10662356.37216
2020	284	12	29	43	525	590546.71168	10662353.85655
2020	284	12	29	45	527	590542.61333	10662351.38963
2020	284	12	29	47	528	590538.54918	10662348.86525
2020	284	12	29	49	530	590534.49812	10662346.29275
2020	284	12	29	51	532	590530.42341	10662343.77677
2020	284	12	29	53	533	590526.42723	10662341.25122
2020	284	12	29	55	535	590522.53204	10662338.58177
2020	284	12	29	57	536	590518.57088	10662335.98403
2020	284	12	29	59	538	590514.55845	10662333.36877
2020	284	12	30	1	539	590510.50901	10662330.83605
2020	284	12	30	3	541	590506.48644	10662328.18259
2020	284	12	30	5	542	590502.30466	10662325.69965
2020	284	12	30	7	544	590498.12871	10662323.26648
2020	284	12	30	9	545	590493.90467	10662320.77548
2020	284	12	30	11	547	590489.68334	10662318.35645
2020	284	12	30	13	548	590485.41356	10662316.01668
2020	284	12	30	15	550	590481.21817	10662313.63291
2020	284	12	30	17	552	590477.01134	10662311.19977
2020	284	12	30	19	553	590472.78995	10662308.78811
2020	284	12	30	21	555	590468.61633	10662306.28984
2020	284	12	30	23	556	590464.44384	10662303.79371
2020	284	12	30	25	558	590460.32584	10662301.29429
2020	284	12	30	27	559	590456.18626	10662298.80041
2020	284	12	30	29	561	590452.09508	10662296.20550
2020	284	12	30	31	562	590448.03218	10662293.70438
2020	284	12	30	33	564	590444.00420	10662291.04336
2020	284	12	30	35	565	590440.05253	10662288.33276
2020	284	12	30	37	567	590436.06105	10662285.68567
2020	284	12	30	39	569	590432.03035	10662283.05913
2020	284	12	30	41	570	590428.08339	10662280.30217
2020	284	12	30	43	572	590424.11303	10662277.64622
2020	284	12	30	45	573	590420.06628	10662275.12750
2020	284	12	30	47	575	590415.99773	10662272.54492
2020	284	12	30	49	576	590411.96980	10662269.90771
2020	284	12	30	51	578	590407.89607	10662267.36280
2020	284	12	30	53	579	590403.76427	10662264.94429
2020	284	12	30	55	581	590399.77051	10662262.41947
2020	284	12	30	57	582	590395.69841	10662259.93344
2020	284	12	30	59	584	590391.58267	10662257.47762
2020	284	12	31	1	585	590387.53345	10662254.99132
2020	284	12	31	3	587	590383.55502	10662252.47720
2020	284	12	31	5	588	590379.40043	10662250.01794
2020	284	12	31	7	590	590375.33045	10662247.47838
2020	284	12	31	9	591	590371.32884	10662244.89751
2020	284	12	31	11	593	590367.20624	10662242.51234
2020	284	12	31	13	595	590363.11616	10662239.99411
2020	284	12	31	15	596	590359.09293	10662237.41980
2020	284	12	31	17	598	590355.08265	10662234.90490
2020	284	12	31	19	599	590351.00682	10662232.49134
2020	284	12	31	21	601	590346.95965	10662229.99987
2020	284	12	31	23	602	590343.01354	10662227.32527
2020	284	12	31	25	604	590338.95111	10662224.88714
2020	284	12	31	27	605	590334.96275	10662222.28743
2020	284	12	31	29	607	590330.96791	10662219.66404
2020	284	12	31	31	608	590326.95863	10662217.01069
2020	284	12	31	33	610	590322.90429	10662214.44283
2020	284	12	31	35	611	590318.90327	10662211.85403
2020	284	12	31	37	613	590314.93285	10662209.16975
2020	284	12	31	39	614	590310.85702	10662206.62261
2020	284	12	31	41	616	590306.92260	10662203.93953
2020	284	12	31	43	617	590302.97554	10662201.26175
2020	284	12	31	45	619	590298.92661	10662198.56470
2020	284	12	31	47	621	590294.89467	10662195.84362
2020	284	12	31	49	622	590290.88445	10662193.16461
2020	284	12	31	51	624	590286.73384	10662190.61251
2020	284	12	31	53	625	590282.61967	10662188.02165
2020	284	12	31	55	627	590278.59247	10662185.43790
2020	284	12	31	57	628	590274.51682	10662182.98630
2020	284	12	31	59	630	590270.38585	10662180.55136
2020	284	12	32	1	631	590266.32539	10662178.01484
2020	284	12	32	3	633	590262.33675	10662175.44373
2020	284	12	32	5	634	590258.35487	10662172.85311
2020	284	12	32	7	636	590254.33546	10662170.30680
2020	284	12	32	9	637	590250.40390	10662167.59329
2020	284	12	32	11	639	590246.46413	10662164.90076
2020	284	12	32	13	640	590242.40984	10662162.35371
2020	284	12	32	15	642	590238.33480	10662159.80999
2020	284	12	32	17	644	590234.27371	10662157.22926
2020	284	12	32	19	645	590230.16302	10662154.71331
2020	284	12	32	21	647	590225.91261	10662152.43620
2020	284	12	32	23	648	590221.86043	10662149.92365
2020	284	12	32	25	650	590217.73621	10662147.46057
2020	284	12	32	27	651	590213.67738	10662145.03064
2020	284	12	32	29	653	590209.53997	10662142.50644
2020	284	12	32	31	654	590205.59175	10662139.84942
2020	284	12	32	33	656	590201.54377	10662137.27052
2020	284	12	32	35	657	590197.50001	10662134.68548
2020	284	12	32	37	659	590193.50678	10662131.94423
2020	284	12	32	39	660	590189.50979	10662129.27578
2020	284	12	32	41	662	590185.53125	10662126.64565
2020	284	12	32	43	664	590181.43282	10662124.05564
2020	284	12	32	45	665	590177.51155	10662121.28186
2020	284	12	32	47	667	590173.62740	10662118.56467
2020	284	12	32	49	668	590169.61479	10662115.96541
2020	284	12	32	51	670	590165.65817	10662113.20850
2020	284	12	32	53	671	590161.88736	10662110.30021
2020	284	12	32	55	673	590158.08450	10662107.50284
2020	284	12	32	57	674	590154.16871	10662104.72288
2020	284	12	32	59	676	590150.34440	10662101.82710
2020	284	12	33	1	677	590146.50933	10662098.94207
2020	284	12	33	3	679	590142.50166	10662096.32107
2020	284	12	33	5	680	590138.45572	10662093.65244
2020	284	12	33	7	682	590134.57617	10662090.85795
2020	284	12	33	9	683	590130.62408	10662088.23592
2020	284	12	33	11	685	590126.58771	10662085.62209
2020	284	12	33	13	687	590122.66392	10662082.88586
2020	284	12	33	15	688	590118.84615	10662080.05529
2020	284	12	33	17	690	590114.90731	10662077.33854
2020	284	12	33	19	691	590110.91980	10662074.61616
2020	284	12	33	21	693	590107.01111	10662071.81246
2020	284	12	33	23	694	590103.21047	10662068.89490
2020	284	12	33	25	696	590099.11957	10662066.28294
2020	284	12	33	27	697	590095.16424	10662063.55581
2020	284	12	33	29	699	590091.24395	10662060.80954
2020	284	12	33	31	700	590087.27154	10662058.11495
2020	284	12	33	33	702	590083.11954	10662055.54782
2020	284	12	33	35	703	590079.06270	10662052.90006
2020	284	12	33	37	705	590075.11051	10662050.22228
2020	284	12	33	39	707	590070.96026	10662047.69367
2020	284	12	33	41	708	590066.94242	10662044.97049
2020	284	12	33	43	710	590062.92496	10662042.28101
2020	284	12	33	45	711	590058.96309	10662039.68114
2020	284	12	33	47	713	590054.93607	10662037.04442
2020	284	12	33	49	714	590050.90426	10662034.36287
2020	284	12	33	51	716	590046.82579	10662031.81043
2020	284	12	33	53	717	590042.73817	10662029.27271
2020	284	12	33	55	719	590038.65990	10662026.70831
2020	284	12	33	57	720	590034.58649	10662024.12713
2020	284	12	33	59	722	590030.49009	10662021.62686
2020	284	12	34	1	723	590026.47741	10662019.01899
2020	284	12	34	3	725	590022.51878	10662016.36925
2020	284	12	34	5	727	590018.51840	10662013.75923
2020	284	12	34	7	728	590014.57225	10662011.06845
2020	284	12	34	9	730	590010.59650	10662008.43106
2020	284	12	34	11	731	590006.64767	10662005.70650
2020	284	12	34	13	733	590002.64853	10662003.17866
2020	284	12	34	15	734	589998.68040	10662000.54272
2020	284	12	34	17	736	589994.68126	10661997.83420
2020	284	12	34	19	737	589990.76244	10661995.10963
2020	284	12	34	21	739	589986.72848	10661992.42028
2020	284	12	34	23	740	589982.74094	10661989.70545
2020	284	12	34	25	742	589978.73071	10661986.85086
2020	284	12	34	27	743	589974.62558	10661984.14200
2020	284	12	34	29	745	589970.48615	10661981.55687
2020	284	12	34	31	747	589966.30842	10661978.98353
2020	284	12	34	33	748	589962.25955	10661976.35445
2020	284	12	34	35	750	589958.13743	10661973.80214
2020	284	12	34	37	751	589954.00213	10661971.28797
2020	284	12	34	39	753	589949.93561	10661968.76590
2020	284	12	34	41	754	589945.93518	10661966.08846
2020	284	12	34	43	756	589941.96011	10661963.38743
2020	284	12	34	45	757	589937.92233	10661960.73605
2020	284	12	34	47	759	589933.92930	10661957.98786
2020	284	12	34	49	761	589930.01322	10661955.14648
2020	284	12	34	51	762	589926.05062	10661952.38102
2020	284	12	34	53	764	589922.01684	10661949.67926
2020	284	12	34	55	765	589917.94692	10661947.03562
2020	284	12	34	57	767	589913.89850	10661944.35082
2020	284	12	34	59	768	589909.80290	10661941.75031
2020	284	12	35	1	770	589905.66205	10661939.19406
2020	284	12	35	3	771	589901.60010	10661936.50068
2020	284	12	35	5	773	589897.52576	10661933.86405
2020	284	12	35	7	774	589893.44205	10661931.25457
2020	284	12	35	9	776	589889.34385	10661928.69208
2020	284	12	35	11	778	589885.26303	10661926.08752
2020	284	12	35	13	779	589881.16282	10661923.60023
2020	284	12	35	15	781	589877.02497	10661921.21586
2020	284	12	35	17	782	589872.96626	10661918.69775
2020	284	12	35	19	784	589868.98962	10661916.12580
2020	284	12	35	21	785	589865.00141	10661913.62802
2020	284	12	35	23	787	589861.03325	10661911.06367
2020	284	12	35	25	788	589857.15584	10661908.36293
2020	284	12	35	27	790	589853.31156	10661905.68018
2020	284	12	35	29	791	589849.31280	10661903.18679
2020	284	12	35	31	793	589845.30824	10661900.62433
2020	284	12	35	33	794	589841.39167	10661897.99274
2020	284	12	35	35	796	589837.29508	10661895.50537
2020	284	12	35	37	797	589833.17578	10661893.15573
2020	284	12	35	39	799	589829.04968	10661890.71709
2020	284	12	35	41	800	589824.96037	10661888.18576
2020	284	12	35	43	802	589820.84594	10661885.73377
2020	284	12	35	45	803	589816.77272	10661883.23424
2020	284	12	35	47	805	589812.71670	10661880.70547
2020	284	12	35	49	806	589808.70869	10661878.08109
2020	284	12	35	51	808	589804.76257	10661875.39594
2020	284	12	35	53	810	589800.74671	10661872.84531
2020	284	12	35	55	811	589796.77536	10661870.15577
2020	284	12	35	57	813	589792.96780	10661867.33900
2020	284	12	35	59	814	589789.07975	10661864.64705
2020	284	12	36	1	816	589785.16725	10661861.94388
2020	284	12	36	3	817	589781.45526	10661859.02321
2020	284	12	36	5	819	589777.66774	10661856.16741
2020	284	12	36	7	820	589773.82919	10661853.45792
2020	284	12	36	9	822	589769.91107	10661850.69449
2020	284	12	36	11	823	589766.03855	10661847.87533
2020	284	12	36	13	825	589762.05500	10661845.24118
2020	284	12	36	15	826	589757.96890	10661842.70958
2020	284	12	36	17	828	589753.92780	10661840.13956
2020	284	12	36	19	829	589749.73104	10661837.64398
2020	284	12	36	21	831	589745.75412	10661835.05759
2020	284	12	36	23	832	589741.63518	10661832.64134
2020	284	12	36	25	834	589737.50474	10661830.20022
2020	284	12	36	27	835	589733.54037	10661827.57531
2020	284	12	36	29	837	589729.55234	10661825.00690
2020	284	12	36	31	839	589725.45958	10661822.56685
2020	284	12	36	33	840	589721.42065	10661819.92463
2020	284	12	36	35	842	589717.44856	10661817.28641
2020	284	12	36	37	843	589713.43524	10661814.69777
2020	284	12	36	39	845	589709.31364	10661812.14407
2020	284	12	36	41	846	589705.35382	10661809.43126
2020	284	12	36	43	848	589701.41286	10661806.73553
2020	284	12	36	45	849	589697.31304	10661804.20979
2020	284	12	36	47	851	589693.24332	10661801.52549
2020	284	12	36	49	852	589689.20057	10661798.92931
2020	284	12	36	51	854	589685.10387	10661796.45411
2020	284	12	36	53	855	589680.89675	10661794.07412
2020	284	12	36	55	857	589676.74724	10661791.58607
2020	284	12	36	57	859	589672.61146	10661789.13764
2020	284	12	36	59	860	589668.46395	10661786.72511
2020	284	12	37	1	862	589664.36924	10661784.25890
2020	284	12	37	3	863	589660.30081	10661781.69044
2020	284	12	37	5	865	589656.29460	10661779.08146
2020	284	12	37	7	866	589652.32815	10661776.49418
2020	284	12	37	9	868	589648.37962	10661773.87206
2020	284	12	37	11	869	589644.41999	10661771.23978
2020	284	12	37	13	871	589640.36545	10661768.65194
2020	284	12	37	15	872	589636.28545	10661766.20590
2020	284	12	37	17	874	589632.15225	10661763.78675
2020	284	12	37	19	875	589628.10431	10661761.25768
2020	284	12	37	21	877	589623.87992	10661758.94938
2020	284	12	37	23	878	589619.75561	10661756.49166
2020	284	12	37	25	880	589615.72265	10661753.96571
2020	284	12	37	27	881	589611.61964	10661751.48692
2020	284	12	37	29	883	589607.46267	10661749.05890
2020	284	12	37	31	885	589603.39848	10661746.50259
2020	284	12	37	33	886	589599.35110	10661744.00702
2020	284	12	37	35	888	589595.25152	10661741.55086
2020	284	12	37	37	889	589591.15974	10661739.06062
2020	284	12	37	39	891	589587.17559	10661736.47907
2020	284	12	37	41	892	589583.14459	10661734.03272
2020	284	12	37	43	894	589579.13251	10661731.48823
2020	284	12	37	45	895	589575.10208	10661728.96543
2020	284	12	37	47	897	589571.06314	10661726.47951
2020	284	12	37	49	898	589567.12442	10661723.85748
2020	284	12	37	51	900	589563.12607	10661721.29001
2020	284	12	37	53	901	589559.06115	10661718.75334
2020	284	12	37	55	903	589554.98037	10661716.26589
2020	284	12	37	57	904	589550.96845	10661713.65333
2020	284	12	37	59	906	589546.87184	10661711.16116
2020	284	12	38	1	907	589542.70791	10661708.78963
2020	284	12	38	3	909	589538.54370	10661706.32329
2020	284	12	38	5	911	589534.46245	10661703.85779
2020	284	12	38	7	912	589530.32748	10661701.47419
2020	284	12	38	9	914	589526.22285	10661699.08591
2020	284	12	38	11	915	589522.20342	10661696.62846
2020	284	12	38	13	917	589518.12422	10661694.25464
2020	284	12	38	15	918	589514.09467	10661691.82586
2020	284	12	38	17	920	589510.09423	10661689.36604
2020	284	12	38	19	921	589506.10737	10661686.90751
2020	284	12	38	21	923	589502.11312	10661684.44133
2020	284	12	38	23	924	589498.19857	10661681.84774
2020	284	12	38	25	926	589494.35358	10661679.24437
2020	284	12	38	27	927	589490.49414	10661676.65516
2020	284	12	38	29	929	589486.72984	10661673.95618
2020	284	12	38	31	930	589482.98347	10661671.28228
2020	284	12	38	33	932	589479.27590	10661668.51820
2020	284	12	38	35	933	589475.44389	10661665.83893
2020	284	12	38	37	935	589471.63366	10661663.22270
2020	284	12	38	39	936	589467.80229	10661660.54221
2020	284	12	38	41	937	589463.91568	10661657.94141
2020	284	12	38	43	939	589460.03714	10661655.35290
2020	284	12	38	45	940	589456.10217	10661652.82985
2020	284	12	38	47	942	589452.26402	10661650.16629
2020	284	12	38	49	943	589448.48642	10661647.52399
2020	284	12	38	51	945	589444.62702	10661644.88527
2020	284	12	38	53	946	589440.76873	10661642.19123
2020	284	12	38	55	948	589436.91665	10661639.46428
2020	284	12	38	57	949	589433.12004	10661636.71051
2020	284	12	38	59	951	589429.22435	10661634.04128
2020	284	12	39	1	953	589425.24316	10661631.28084
2020	284	12	39	3	954	589421.34598	10661628.51843
2020	284	12	39	5	956	589417.38478	10661625.90439
2020	284	12	39	7	957	589413.42995	10661623.29467
2020	284	12	39	9	959	589409.44124	10661620.64895
2020	284	12	39	11	960	589405.56089	10661618.04671
2020	284	12	39	13	962	589401.63277	10661615.52708
2020	284	12	39	15	963	589397.67603	10661612.97127
2020	284	12	39	17	965	589393.71521	10661610.36458
2020	284	12	39	19	966	589389.85493	10661607.69294
2020	284	12	39	21	968	589385.96292	10661605.08819
2020	284	12	39	23	969	589382.01457	10661602.46641
2020	284	12	39	25	971	589378.12761	10661599.78099
2020	284	12	39	27	972	589374.26350	10661597.16034
2020	284	12	39	29	974	589370.27159	10661594.61043
2020	284	12	39	31	975	589366.21462	10661592.12071
2020	284	12	39	33	977	589362.26119	10661589.57281
2020	284	12	39	35	978	589358.22382	10661587.15266
2020	284	12	39	37	980	589354.18638	10661584.75826
2020	284	12	39	39	981	589350.25577	10661582.18462
2020	284	12	39	41	983	589346.33205	10661579.71771
2020	284	12	39	43	984	589342.38909	10661577.22180
2020	284	12	39	45	986	589338.47771	10661574.67380
2020	284	12	39	47	987	589334.70119	10661571.99850
2020	284	12	39	49	989	589330.78800	10661569.42784
2020	284	12	39	51	990	589326.99142	10661566.75982
2020	284	12	39	53	992	589323.23847	10661563.98389
2020	284	12	39	55	993	589319.44001	10661561.33484
2020	284	12	39	57	995	589315.51823	10661558.73974
2020	284	12	39	59	996	589311.61159	10661556.16131
2020	284	12	40	1	998	589307.71531	10661553.57228
2020	284	12	40	3	999	589303.70798	10661551.15684
2020	284	12	40	5	1001	589299.71314	10661548.65824
2020	284	12	40	7	1002	589295.73874	10661546.13105
2020	284	12	40	9	1004	589291.88095	10661543.55263
2020	284	12	40	11	1005	589288.01327	10661540.89622
2020	284	12	40	13	1007	589284.10037	10661538.26410
2020	284	12	40	15	1008	589280.26316	10661535.54808
2020	284	12	40	17	1010	589276.49458	10661532.79948
2020	284	12	40	19	1011	589272.69774	10661530.01851
2020	284	12	40	21	1013	589268.85987	10661527.31625
2020	284	12	40	23	1014	589264.97656	10661524.57853
2020	284	12	40	25	1016	589261.17716	10661521.82628
2020	284	12	40	27	1017	589257.31163	10661519.15857
2020	284	12	40	29	1019	589253.35953	10661516.45623
2020	284	12	40	31	1020	589249.42604	10661513.78160
2020	284	12	40	33	1022	589245.52963	10661511.09097
2020	284	12	40	35	1023	589241.55472	10661508.45217
2020	284	12	40	37	1025	589237.57421	10661505.73177
2020	284	12	40	39	1026	589233.67679	10661502.98788
2020	284	12	40	41	1028	589229.74163	10661500.36483
2020	284	12	40	43	1029	589225.72677	10661497.68737
2020	284	12	40	45	1031	589221.75067	10661494.95395
2020	284	12	40	47	1032	589217.81259	10661492.30525
2020	284	12	40	49	1034	589213.64232	10661489.88416
2020	284	12	40	51	1036	589209.67109	10661487.21390
2020	284	12	40	53	1037	589205.63007	10661484.67765
2020	284	12	40	55	1039	589201.47279	10661482.33691
2020	284	12	40	57	1040	589197.29921	10661479.96143
2020	284	12	40	59	1042	589193.34766	10661477.40654
2020	284	12	41	1	1043	589189.30422	10661474.98721
2020	284	12	41	3	1045	589185.10681	10661472.67548
2020	284	12	41	5	1046	589181.06408	10661470.17518
2020	284	12	41	7	1048	589177.11978	10661467.64578
2020	284	12	41	9	1049	589172.96537	10661465.32779
2020	284	12	41	11	1051	589168.78422	10661462.90915
2020	284	12	41	13	1052	589164.63152	10661460.53543
2020	284	12	41	15	1054	589160.52311	10661458.17434
2020	284	12	41	17	1055	589156.36540	10661455.81797
2020	284	12	41	19	1057	589152.19318	10661453.39918
2020	284	12	41	21	1058	589148.17407	10661450.88669
2020	284	12	41	23	1060	589144.11178	10661448.40465
2020	284	12	41	25	1061	589140.04263	10661445.89098
2020	284	12	41	27	1063	589136.12691	10661443.17490
2020	284	12	41	29	1064	589132.12754	10661440.59890
2020	284	12	41	31	1066	589128.16480	10661437.97358
2020	284	12	41	33	1068	589124.19174	10661435.29840
2020	284	12	41	35	1069	589120.23598	10661432.58673
2020	284	12	41	37	1071	589116.23567	10661429.99808
2020	284	12	41	39	1072	589112.23585	10661427.29889
2020	284	12	41	41	1074	589108.28710	10661424.57374
2020	284	12	41	43	1075	589104.25678	10661421.98504
2020	284	12	41	45	1077	589100.30290	10661419.30853
2020	284	12	41	47	1078	589096.35494	10661416.53321
2020	284	12	41	49	1080	589092.33406	10661413.92880
2020	284	12	41	51	1081	589088.29782	10661411.35219
2020	284	12	41	53	1083	589084.31512	10661408.72621
2020	284	12	41	55	1084	589080.25596	10661406.14390
2020	284	12	41	57	1086	589076.12400	10661403.66181
2020	284	12	41	59	1087	589071.98714	10661401.20346
2020	284	12	42	1	1089	589068.07905	10661398.54064
2020	284	12	42	3	1091	589064.08419	10661395.91369
2020	284	12	42	5	1092	589060.08335	10661393.25546
2020	284	12	42	7	1094	589056.07927	10661390.56373
2020	284	12	42	9	1095	589052.17152	10661387.82223
2020	284	12	42	11	1097	589048.24471	10661385.10493
2020	284	12	42	13	1098	589044.17603	10661382.54527
2020	284	12	42	15	1100	589040.06778	10661380.01196
2020	284	12	42	17	1101	589036.06517	10661377.40120
2020	284	12	42	19	1103	589032.02787	10661374.88018
2020	284	12	42	21	1104	589027.92235	10661372.33026
2020	284	12	42	23	1106	589023.74309	10661369.78870
2020	284	12	42	25	1107	589019.74512	10661367.19225
2020	284	12	42	27	1109	589015.73077	10661364.56928
2020	284	12	42	29	1111	589011.65819	10661361.95955
2020	284	12	42	31	1112	589007.61992	10661359.36264
2020	284	12	42	33	1114	589003.57242	10661356.80021
2020	284	12	42	35	1115	588999.55349	10661354.18104
2020	284	12	42	37	1117	588995.58335	10661351.53637
2020	284	12	42	39	1118	588991.55913	10661349.03012
2020	284	12	42	41	1120	588987.46543	10661346.53983
2020	284	12	42	43	1121	588983.38321	10661344.04451
2020	284	12	42	45	1123	588979.42551	10661341.50050
2020	284	12	42	47	1124	588975.34996	10661339.08000
2020	284	12	42	49	1126	588971.28021	10661336.65378
2020	284	12	42	51	1127	588967.31576	10661334.08676
2020	284	12	42	53	1129	588963.44485	10661331.45965
2020	284	12	42	55	1130	588959.44893	10661329.05202
2020	284	12	42	57	1132	588955.39800	10661326.55753
2020	284	12	42	59	1133	588951.44646	10661323.95890
2020	284	12	43	1	1135	588947.45601	10661321.43946
2020	284	12	43	3	1136	588943.28208	10661319.13184
2020	284	12	43	5	1138	588939.17915	10661316.69464
2020	284	12	43	7	1139	588935.11784	10661314.14247
2020	284	12	43	9	1141	588930.99166	10661311.85498
2020	284	12	43	11	1142	588926.75447	10661309.48666
2020	284	12	43	13	1144	588922.70255	10661306.94636
2020	284	12	43	15	1146	588918.61661	10661304.40206
2020	284	12	43	17	1147	588914.44049	10661301.90967
2020	284	12	43	19	1149	588910.35118	10661299.27562
2020	284	12	43	21	1150	588906.33336	10661296.65468
2020	284	12	43	23	1152	588902.30477	10661294.09228
2020	284	12	43	25	1153	588898.32311	10661291.42069
2020	284	12	43	27	1155	588894.43129	10661288.68899
2020	284	12	43	29	1156	588890.52790	10661285.96692
2020	284	12	43	31	1158	588886.68938	10661283.19743
2020	284	12	43	33	1159	588882.94113	10661280.27177
2020	284	12	43	35	1161	588879.21142	10661277.38007
2020	284	12	43	37	1162	588875.38772	10661274.46315
2020	284	12	43	39	1164	588871.71676	10661271.40120
2020	284	12	43	41	1165	588868.02549	10661268.41795
2020	284	12	43	43	1167	588864.11444	10661265.57228
2020	284	12	43	45	1169	588860.17780	10661262.79054
2020	284	12	43	47	1170	588856.35433	10661259.99997
2020	284	12	43	49	1172	588852.27217	10661257.49833
2020	284	12	43	51	1173	588848.13427	10661255.07840
2020	284	12	43	53	1175	588844.05593	10661252.54888
2020	284	12	43	55	1176	588840.04781	10661250.03200
2020	284	12	43	57	1178	588835.88367	10661247.64608
2020	284	12	43	59	1179	588831.81021	10661245.16379
2020	284	12	44	1	1181	588827.76084	10661242.68255
2020	284	12	44	3	1182	588823.61332	10661240.28618
2020	284	12	44	5	1184	588819.45792	10661237.89973
2020	284	12	44	7	1185	588815.36107	10661235.38237
2020	284	12	44	9	1187	588811.31741	10661232.84145
2020	284	12	44	11	1188	588807.20478	10661230.30069
2020	284	12	44	13	1190	588803.21357	10661227.63507
2020	284	12	44	15	1191	588799.34480	10661224.88042
2020	284	12	44	17	1193	588795.38088	10661222.23350
2020	284	12	44	19	1195	588791.30922	10661219.63036
2020	284	12	44	21	1196	588787.21568	10661217.03474
2020	284	12	44	23	1198	588783.11509	10661214.49626
2020	284	12	44	25	1199	588779.11297	10661211.88471
2020	284	12	44	27	1201	588774.97909	10661209.34635
2020	284	12	44	29	1202	588770.93518	10661206.71210
2020	284	12	44	31	1204	588767.10624	10661203.87650
2020	284	12	44	33	1205	588763.22788	10661201.13493
2020	284	12	44	35	1207	588759.14460	10661198.48185
2020	284	12	44	37	1208	588755.23724	10661195.70564
2020	284	12	44	39	1210	588751.37787	10661192.94915
2020	284	12	44	41	1211	588747.43467	10661190.23918
2020	284	12	44	43	1213	588743.49096	10661187.62237
2020	284	12	44	45	1215	588739.51950	10661184.97367
2020	284	12	44	47	1216	588735.67858	10661182.28760
2020	284	12	44	49	1218	588731.67866	10661179.60185
2020	284	12	44	51	1219	588727.63721	10661176.96600
2020	284	12	44	53	1221	588723.52626	10661174.42263
2020	284	12	44	55	1222	588719.53715	10661171.70833
2020	284	12	44	57	1224	588715.52435	10661169.02864
2020	284	12	44	59	1225	588711.29233	10661166.55682
2020	284	12	45	1	1227	588707.20439	10661164.07822
2020	284	12	45	3	1228	588703.10812	10661161.52061
2020	284	12	45	5	1230	588698.89383	10661159.13188
2020	284	12	45	7	1231	588694.72887	10661156.78152
2020	284	12	45	9	1233	588690.52731	10661154.45449
2020	284	12	45	11	1234	588686.40661	10661152.00266
2020	284	12	45	13	1236	588682.29209	10661149.47119
2020	284	12	45	15	1238	588678.14100	10661146.97964
2020	284	12	45	17	1239	588674.10940	10661144.42375
2020	284	12	45	19	1241	588670.05023	10661141.78808
2020	284	12	45	21	1242	588666.08780	10661139.05654
2020	284	12	45	23	1244	588661.97974	10661136.51132
2020	284	12	45	25	1245	588657.96672	10661133.83973
2020	284	12	45	27	1247	588653.94289	10661131.28188
2020	284	12	45	29	1248	588649.81105	10661128.75016
2020	284	12	45	31	1250	588645.73798	10661126.19478
2020	284	12	45	33	1251	588641.60772	10661123.73678
2020	284	12	45	35	1253	588637.43855	10661121.33276
2020	284	12	45	37	1255	588633.29591	10661118.93496
2020	284	12	45	39	1256	588629.21439	10661116.41380
2020	284	12	45	41	1258	588625.02073	10661114.04539
2020	284	12	45	43	1259	588620.77409	10661111.70057
2020	284	12	45	45	1261	588616.63875	10661109.20985
2020	284	12	45	47	1262	588612.51542	10661106.84548
2020	284	12	45	49	1264	588608.33680	10661104.41922
2020	284	12	45	51	1265	588604.10156	10661101.98869
2020	284	12	45	53	1267	588599.99924	10661099.47218
2020	284	12	45	55	1268	588595.80005	10661097.12693
2020	284	12	45	57	1270	588591.54724	10661094.71279
2020	284	12	45	59	1272	588587.34237	10661092.20971
2020	284	12	46	1	1273	588583.23983	10661089.73677
2020	284	12	46	3	1275	588579.13763	10661087.31373
2020	284	12	46	5	1276	588575.06931	10661084.71252
2020	284	12	46	7	1278	588571.15473	10661082.02131
2020	284	12	46	9	1279	588567.12091	10661079.42933
2020	284	12	46	11	1281	588563.04173	10661076.86187
2020	284	12	46	13	1282	588559.08693	10661074.10034
2020	284	12	46	15	1284	588555.16334	10661071.41998
2020	284	12	46	17	1285	588551.20010	10661068.67708
2020	284	12	46	19	1287	588547.23952	10661065.98359
2020	284	12	46	21	1288	588543.34571	10661063.19587
2020	284	12	46	23	1290	588539.38313	10661060.45603
2020	284	12	46	25	1292	588535.28643	10661057.79496
2020	284	12	46	27	1293	588531.24095	10661055.12089
2020	284	12	46	29	1295	588527.21788	10661052.53945
2020	284	12	46	31	1296	588523.16040	10661049.95690
2020	284	12	46	33	1298	588519.07007	10661047.35870
2020	284	12	46	35	1299	588514.99648	10661044.80836
2020	284	12	46	37	1301	588510.90862	10661042.38654
2020	284	12	46	39	1302	588506.87382	10661039.83515
2020	284	12	46	41	1304	588502.82950	10661037.25405
2020	284	12	46	43	1305	588498.87080	10661034.66596
2020	284	12	46	45	1307	588494.89003	10661032.10333
2020	284	12	46	47	1308	588491.05940	10661029.31425
2020	284	12	46	49	1310	588487.14901	10661026.61606
2020	284	12	46	51	1311	588483.24960	10661023.93072
2020	284	12	46	53	1313	588479.27621	10661021.26543
2020	284	12	46	55	1314	588475.43146	10661018.52787
2020	284	12	46	57	1316	588471.58417	10661015.77146
2020	284	12	46	59	1317	588467.57961	10661013.22152
2020	284	12	47	1	1319	588463.65592	10661010.50998
2020	284	12	47	3	1321	588459.86215	10661007.79504
2020	284	12	47	5	1322	588455.93548	10661005.18489
2020	284	12	47	7	1324	588451.87367	10661002.64465
2020	284	12	47	9	1325	588447.95969	10660999.95093
2020	284	12	47	11	1327	588444.04964	10660997.23668
2020	284	12	47	13	1328	588439.87479	10660994.78476
2020	284	12	47	15	1330	588435.89043	10660992.15068
2020	284	12	47	17	1331	588432.03448	10660989.37429
2020	284	12	47	19	1333	588428.03665	10660986.77437
2020	284	12	47	21	1334	588423.96679	10660984.17562
2020	284	12	47	23	1336	588420.03546	10660981.47527
2020	284	12	47	25	1337	588416.06489	10660978.83097
2020	284	12	47	27	1339	588411.91045	10660976.35875
2020	284	12	47	29	1340	588407.81806	10660973.83229
2020	284	12	47	31	1342	588403.80936	10660971.26345
2020	284	12	47	33	1343	588399.72741	10660968.81257
2020	284	12	47	35	1345	588395.63688	10660966.31527
2020	284	12	47	37	1347	588391.53729	10660963.78840
2020	284	12	47	39	1348	588387.49283	10660961.32049
2020	284	12	47	41	1350	588383.38141	10660958.88849
2020	284	12	47	43	1351	588379.31014	10660956.41637
2020	284	12	47	45	1353	588375.15818	10660953.96189
2020	284	12	47	47	1354	588371.09066	10660951.48489
2020	284	12	47	49	1356	588366.99568	10660949.02794
2020	284	12	47	51	1357	588362.84089	10660946.62397
2020	284	12	47	53	1359	588358.69955	10660944.15359
2020	284	12	47	55	1360	588354.64872	10660941.64841
2020	284	12	47	57	1362	588350.55258	10660939.24139
2020	284	12	47	59	1363	588346.41648	10660936.84024
2020	284	12	48	1	1365	588342.43936	10660934.21786
2020	284	12	48	3	1366	588338.40815	10660931.73438
2020	284	12	48	5	1368	588334.32583	10660929.29514
2020	284	12	48	7	1369	588330.23854	10660926.78899
2020	284	12	48	9	1371	588326.39705	10660924.14709
2020	284	12	48	11	1372	588322.49311	10660921.49719
2020	284	12	48	13	1374	588318.48969	10660918.90259
2020	284	12	48	15	1376	588314.53752	10660916.16507
2020	284	12	48	17	1377	588310.69465	10660913.41489
2020	284	12	48	19	1379	588306.81862	10660910.61885
2020	284	12	48	21	1380	588302.69333	10660908.05555
2020	284	12	48	23	1382	588298.68782	10660905.39518
2020	284	12	48	25	1383	588294.78533	10660902.69490
2020	284	12	48	27	1385	588290.80032	10660900.13180
2020	284	12	48	29	1386	588286.72544	10660897.58011
2020	284	12	48	31	1388	588282.73275	10660895.06136
2020	284	12	48	33	1389	588278.80630	10660892.44123
2020	284	12	48	35	1391	588274.82487	10660889.85306
2020	284	12	48	37	1392	588270.78796	10660887.33667
2020	284	12	48	39	1394	588266.75626	10660884.79160
2020	284	12	48	41	1395	588262.69750	10660882.21382
2020	284	12	48	43	1397	588258.63460	10660879.70403
2020	284	12	48	45	1398	588254.56702	10660877.29484
2020	284	12	48	47	1400	588250.51820	10660874.81979
2020	284	12	48	49	1401	588246.43174	10660872.36210
2020	284	12	48	51	1403	588242.28407	10660869.94991
2020	284	12	48	53	1404	588238.14361	10660867.56061
2020	284	12	48	55	1406	588233.99609	10660865.19439
2020	284	12	48	57	1408	588229.79975	10660862.84677
2020	284	12	48	59	1409	588225.58972	10660860.41301
2020	284	12	49	1	1411	588221.48501	10660857.98160
2020	284	12	49	3	1412	588217.30621	10660855.63939
2020	284	12	49	5	1414	588213.16910	10660853.20621
2020	284	12	49	7	1415	588209.03533	10660850.68263
2020	284	12	49	9	1417	588204.90073	10660848.24808
2020	284	12	49	11	1418	588200.76877	10660845.82487
2020	284	12	49	13	1420	588196.80730	10660843.34841
2020	284	12	49	15	1421	588192.73735	10660840.74630
2020	284	12	49	17	1423	588188.65410	10660838.27786
2020	284	12	49	19	1424	588184.64728	10660835.65345
2020	284	12	49	21	1426	588180.63397	10660832.98291
2020	284	12	49	23	1428	588176.63480	10660830.27096
2020	284	12	49	25	1429	588172.53308	10660827.48671
2020	284	12	49	27	1431	588168.53828	10660824.68189
2020	284	12	49	29	1432	588164.60168	10660821.83958
2020	284	12	49	31	1434	588160.63153	10660819.03981
2020	284	12	49	33	1435	588156.66121	10660816.23214
2020	284	12	49	35	1437	588152.61991	10660813.44964
2020	284	12	49	37	1438	588148.60750	10660810.68137
2020	284	12	49	39	1440	588144.64633	10660807.90306
2020	284	12	49	41	1442	588140.56528	10660805.24793
2020	284	12	49	43	1443	588136.53988	10660802.46859
2020	284	12	49	45	1445	588132.62461	10660799.64272
2020	284	12	49	47	1446	588128.69789	10660796.83502
2020	284	12	49	49	1448	588124.65645	10660794.08211
2020	284	12	49	51	1449	588120.78501	10660791.10929
2020	284	12	49	53	1451	588116.92530	10660788.23761
2020	284	12	49	55	1452	588112.89494	10660785.50267
2020	284	12	49	57	1454	588108.87610	10660782.64427
2020	284	12	49	59	1456	588104.95769	10660779.79032
2020	284	12	50	1	1457	588100.95553	10660777.08994
2020	284	12	50	3	1459	588096.77836	10660774.49863
2020	284	12	50	5	1460	588092.77032	10660771.76903
2020	284	12	50	7	1462	588088.76857	10660769.11660
2020	284	12	50	9	1463	588084.70837	10660766.50375
2020	284	12	50	11	1465	588080.59235	10660763.82033
2020	284	12	50	13	1466	588076.61173	10660761.15860
2020	284	12	50	15	1468	588072.58452	10660758.50998
2020	284	12	50	17	1470	588068.48057	10660755.85309
2020	284	12	50	19	1471	588064.37843	10660753.25400
2020	284	12	50	21	1473	588060.37260	10660750.50475
2020	284	12	50	23	1474	588056.43331	10660747.70590
2020	284	12	50	25	1476	588052.39290	10660744.93671
2020	284	12	50	27	1477	588048.45512	10660742.09978
2020	284	12	50	29	1479	588044.54977	10660739.25542
2020	284	12	50	31	1480	588040.63796	10660736.41723
2020	284	12	50	33	1482	588036.61737	10660733.72191
2020	284	12	50	35	1484	588032.67718	10660730.90792
2020	284	12	50	37	1485	588028.90828	10660728.01464
2020	284	12	50	39	1487	588025.03044	10660725.21699
2020	284	12	50	41	1488	588021.10519	10660722.31203
2020	284	12	50	43	1490	588017.32944	10660719.35427
2020	284	12	50	45	1491	588013.58689	10660716.38968
2020	284	12	50	47	1493	588009.77192	10660713.52600
2020	284	12	50	49	1494	588005.82488	10660710.62957
2020	284	12	50	51	1496	588002.03892	10660707.71085
2020	284	12	50	53	1497	587998.21969	10660704.86336
2020	284	12	50	55	1499	587994.15968	10660702.18546
2020	284	12	50	57	1500	587990.05489	10660699.51315
2020	284	12	50	59	1502	587986.01084	10660696.84736
2020	284	12	51	1	1504	587982.01985	10660694.19534
2020	284	12	51	3	1505	587977.87555	10660691.68995
2020	284	12	51	5	1507	587973.79566	10660689.09237
2020	284	12	51	7	1508	587969.83533	10660686.41012
2020	284	12	51	9	1510	587965.87936	10660683.76750
2020	284	12	51	11	1511	587961.85058	10660681.14491
2020	284	12	51	13	1513	587957.90570	10660678.39721
2020	284	12	51	15	1514	587953.97481	10660675.67298
2020	284	12	51	17	1516	587950.09885	10660672.89943
2020	284	12	51	19	1517	587946.25892	10660670.04008
2020	284	12	51	21	1519	587942.39068	10660667.20128
2020	284	12	51	23	1520	587938.40976	10660664.46654
2020	284	12	51	25	1522	587934.46388	10660661.71132
2020	284	12	51	27	1524	587930.61984	10660658.93890
2020	284	12	51	29	1525	587926.57429	10660656.33871
2020	284	12	51	31	1527	587922.46291	10660653.81617
2020	284	12	51	33	1528	587918.40004	10660651.29398
2020	284	12	51	35	1530	587914.38063	10660648.73872
2020	284	12	51	37	1531	587910.31976	10660646.28062
2020	284	12	51	39	1533	587906.29231	10660643.71722
2020	284	12	51	41	1534	587902.30998	10660641.22386
2020	284	12	51	43	1536	587898.38714	10660638.58063
2020	284	12	51	45	1537	587894.48799	10660635.92446
2020	284	12	51	47	1539	587890.61658	10660633.36390
2020	284	12	51	49	1540	587886.57372	10660630.76152
2020	284	12	51	51	1542	587882.64843	10660628.09332
2020	284	12	51	53	1543	587878.58204	10660625.52863
2020	284	12	51	55	1545	587874.47804	10660623.11564
2020	284	12	51	57	1546	587870.37638	10660620.57811
2020	284	12	51	59	1548	587866.32451	10660618.10118
2020	284	12	52	1	1549	587862.18045	10660615.74587
2020	284	12	52	3	1551	587858.16519	10660613.25002
2020	284	12	52	5	1552	587854.30197	10660610.63339
2020	284	12	52	7	1554	587850.30118	10660608.10085
2020	284	12	52	9	1555	587846.27692	10660605.58940
2020	284	12	52	11	1557	587842.37825	10660602.94549
2020	284	12	52	13	1558	587838.42170	10660600.37595
2020	284	12	52	15	1560	587834.37422	10660597.84029
2020	284	12	52	17	1561	587830.41705	10660595.22000
2020	284	12	52	19	1563	587826.51069	10660592.59542
2020	284	12	52	21	1565	587822.66032	10660589.85285
2020	284	12	52	23	1566	587818.74060	10660587.21653
2020	284	12	52	25	1568	587814.74225	10660584.56031
2020	284	12	52	27	1569	587810.88796	10660581.89627
2020	284	12	52	29	1571	587806.91253	10660579.24684
2020	284	12	52	31	1572	587802.84648	10660576.70213
2020	284	12	52	33	1574	587798.86426	10660574.06751
2020	284	12	52	35	1575	587795.02900	10660571.29996
2020	284	12	52	37	1577	587791.09156	10660568.73572
2020	284	12	52	39	1578	587787.11556	10660566.09291
2020	284	12	52	41	1580	587783.28375	10660563.35241
2020	284	12	52	43	1581	587779.43984	10660560.74592
2020	284	12	52	45	1583	587775.46982	10660558.23901
2020	284	12	52	47	1584	587771.52045	10660555.57850
2020	284	12	52	49	1586	587767.67726	10660552.87778
2020	284	12	52	51	1587	587763.80573	10660550.24915
2020	284	12	52	53	1589	587759.96701	10660547.61821
2020	284	12	52	55	1590	587756.02239	10660544.91730
2020	284	12	52	57	1592	587752.17314	10660542.16544
2020	284	12	52	59	1593	587748.22912	10660539.60450
2020	284	12	53	1	1595	587744.25206	10660537.03344
2020	284	12	53	3	1596	587740.15248	10660534.49447
2020	284	12	53	5	1598	587736.12009	10660532.02857
2020	284	12	53	7	1599	587732.08842	10660529.65421
2020	284	12	53	9	1601	587727.96809	10660527.38165
2020	284	12	53	11	1602	587723.86967	10660524.97997
2020	284	12	53	13	1604	587719.87218	10660522.59083
2020	284	12	53	15	1605	587715.82673	10660520.24579
2020	284	12	53	17	1607	587711.75783	10660517.80928
2020	284	12	53	19	1608	587707.73510	10660515.37460
2020	284	12	53	21	1610	587703.70490	10660512.95090
2020	284	12	53	23	1611	587699.62475	10660510.64137
2020	284	12	53	25	1613	587695.51368	10660508.23205
2020	284	12	53	27	1614	587691.46307	10660505.85561
2020	284	12	53	29	1616	587687.41713	10660503.58872
2020	284	12	53	31	1617	587683.29731	10660501.30843
2020	284	12	53	33	1619	587679.27873	10660498.87254
2020	284	12	53	35	1620	587675.38042	10660496.32758
2020	284	12	53	37	1622	587671.41333	10660493.93704
2020	284	12	53	39	1623	587667.51710	10660491.34813
2020	284	12	53	41	1625	587663.71317	10660488.58560
2020	284	12	53	43	1626	587659.95237	10660485.87289
2020	284	12	53	45	1628	587656.04477	10660483.26878
2020	284	12	53	47	1629	587652.21262	10660480.59863
2020	284	12	53	49	1631	587648.41183	10660477.81414
2020	284	12	53	51	1632	587644.49876	10660475.22135
2020	284	12	53	53	1634	587640.59833	10660472.54136
2020	284	12	53	55	1635	587636.73893	10660469.89012
2020	284	12	53	57	1637	587632.93336	10660467.20960
2020	284	12	53	59	1638	587629.01555	10660464.52203
2020	284	12	54	1	1640	587625.07365	10660461.87103
2020	284	12	54	3	1641	587621.21111	10660459.15923
2020	284	12	54	5	1643	587617.31122	10660456.52727
2020	284	12	54	7	1644	587613.35180	10660453.94727
2020	284	12	54	9	1646	587609.39756	10660451.31364
2020	284	12	54	11	1647	587605.56300	10660448.68068
2020	284	12	54	13	1649	587601.68252	10660446.09759
2020	284	12	54	15	1650	587597.76863	10660443.50779
2020	284	12	54	17	1652	587593.97258	10660440.82534
2020	284	12	54	19	1653	587590.06388	10660438.17503
2020	284	12	54	21	1655	587586.14405	10660435.51960
2020	284	12	54	23	1656	587582.34088	10660432.73797
2020	284	12	54	25	1658	587578.47511	10660429.96448
2020	284	12	54	27	1660	587574.52222	10660427.37049
2020	284	12	54	29	1661	587570.53461	10660424.61586
2020	284	12	54	31	1663	587566.61138	10660421.98497
2020	284	12	54	33	1664	587562.50774	10660419.49786
2020	284	12	54	35	1666	587558.32059	10660417.10963
2020	284	12	54	37	1667	587554.35803	10660414.58897
2020	284	12	54	39	1669	587550.29903	10660412.10115
2020	284	12	54	41	1670	587546.11846	10660409.75819
2020	284	12	54	43	1672	587542.06811	10660407.23352
2020	284	12	54	45	1673	587538.09933	10660404.69190
2020	284	12	54	47	1675	587534.03620	10660402.17113
2020	284	12	54	49	1676	587529.90140	10660399.68703
2020	284	12	54	51	1678	587525.92381	10660397.12251
2020	284	12	54	53	1679	587521.89519	10660394.63881
2020	284	12	54	55	1681	587517.86612	10660392.12614
2020	284	12	54	57	1682	587513.84324	10660389.65564
2020	284	12	54	59	1684	587509.78816	10660387.23023
2020	284	12	55	1	1685	587505.74622	10660384.74127
2020	284	12	55	3	1687	587501.70766	10660382.27731
2020	284	12	55	5	1688	587497.59442	10660379.85390
2020	284	12	55	7	1690	587493.53261	10660377.43794
2020	284	12	55	9	1691	587489.46881	10660374.93497
2020	284	12	55	11	1693	587485.45238	10660372.41272
2020	284	12	55	13	1695	587481.36580	10660369.92611
2020	284	12	55	15	1696	587477.34193	10660367.38204
2020	284	12	55	17	1698	587473.39242	10660364.86559
2020	284	12	55	19	1699	587469.34097	10660362.26935
2020	284	12	55	21	1701	587465.27242	10660359.73125
2020	284	12	55	23	1702	587461.20711	10660357.20671
2020	284	12	55	25	1704	587457.14775	10660354.63897
2020	284	12	55	27	1705	587453.20007	10660352.03158
2020	284	12	55	29	1707	587449.13869	10660349.41131
2020	284	12	55	31	1708	587445.08518	10660346.81672
2020	284	12	55	33	1710	587441.10933	10660344.14155
2020	284	12	55	35	1711	587437.17298	10660341.42472
2020	284	12	55	37	1713	587433.21693	10660338.77832
2020	284	12	55	39	1714	587429.12758	10660336.11505
2020	284	12	55	41	1716	587425.19022	10660333.39637
2020	284	12	55	43	1718	587421.30603	10660330.60815
2020	284	12	55	45	1719	587417.28230	10660327.97540
2020	284	12	55	47	1721	587413.29403	10660325.27020
2020	284	12	55	49	1722	587409.34965	10660322.51593
2020	284	12	55	51	1724	587405.39078	10660319.84798
2020	284	12	55	53	1725	587401.40099	10660317.19522
2020	284	12	55	55	1727	587397.42881	10660314.55241
2020	284	12	55	57	1728	587393.46885	10660311.88912
2020	284	12	55	59	1730	587389.41102	10660309.33818
2020	284	12	56	1	1731	587385.34162	10660306.76883
2020	284	12	56	3	1733	587381.43603	10660304.03527
2020	284	12	56	5	1734	587377.36458	10660301.54582
2020	284	12	56	7	1736	587373.36797	10660299.00638
2020	284	12	56	9	1737	587369.36335	10660296.34345
2020	284	12	56	11	1739	587365.32452	10660293.79333
2020	284	12	56	13	1740	587361.21122	10660291.33489
2020	284	12	56	15	1742	587357.02835	10660288.92965
2020	284	12	56	17	1744	587352.99252	10660286.39633
2020	284	12	56	19	1745	587348.72085	10660284.08351
2020	284	12	56	21	1747	587344.55102	10660281.68087
2020	284	12	56	23	1748	587340.44569	10660279.18058
2020	284	12	56	25	1750	587336.31153	10660276.74716
2020	284	12	56	27	1751	587332.14578	10660274.36795
2020	284	12	56	29	1753	587327.98501	10660271.90068
2020	284	12	56	31	1754	587323.90261	10660269.42196
2020	284	12	56	33	1756	587319.74761	10660267.08636
2020	284	12	56	35	1757	587315.64107	10660264.69921
2020	284	12	56	37	1759	587311.52981	10660262.30176
2020	284	12	56	39	1760	587307.48554	10660259.79637
2020	284	12	56	41	1762	587303.38705	10660257.37758
2020	284	12	56	43	1763	587299.28388	10660254.95189
2020	284	12	56	45	1765	587295.27419	10660252.35178
2020	284	12	56	47	1767	587291.31133	10660249.75563
2020	284	12	56	49	1768	587287.17789	10660247.29486
2020	284	12	56	51	1770	587283.12089	10660244.74601
2020	284	12	56	53	1771	587279.21245	10660242.08447
2020	284	12	56	55	1773	587275.12637	10660239.68391
2020	284	12	56	57	1774	587270.88094	10660237.38053
2020	284	12	56	59	1776	587266.92537	10660234.95995
2020	284	12	57	1	1777	587262.98012	10660232.56795
2020	284	12	57	3	1779	587258.80708	10660230.28510
2020	284	12	57	5	1780	587254.71428	10660227.93866
2020	284	12	57	7	1782	587250.91463	10660225.27609
2020	284	12	57	9	1783	587247.08891	10660222.72042
2020	284	12	57	11	1785	587243.05581	10660220.15411
2020	284	12	57	13	1786	587239.19901	10660217.42463
2020	284	12	57	15	1788	587235.42408	10660214.69169
2020	284	12	57	17	1789	587231.57199	10660211.97478
2020	284	12	57	19	1791	587227.54747	10660209.44632
2020	284	12	57	21	1792	587223.54135	10660206.74629
2020	284	12	57	23	1794	587219.62271	10660204.14636
2020	284	12	57	25	1795	587215.65121	10660201.59136
2020	284	12	57	27	1797	587211.60950	10660199.10041
2020	284	12	57	29	1798	587207.68431	10660196.44587
2020	284	12	57	31	1800	587203.82930	10660193.76375
2020	284	12	57	33	1801	587199.91515	10660191.13968
2020	284	12	57	35	1803	587196.06807	10660188.39265
2020	284	12	57	37	1804	587192.33351	10660185.55888
2020	284	12	57	39	1806	587188.64341	10660182.68267
2020	284	12	57	41	1807	587184.94247	10660179.83844
2020	284	12	57	43	1809	587181.23994	10660176.93392
2020	284	12	57	45	1810	587177.61015	10660173.97723
2020	284	12	57	47	1812	587173.86666	10660171.19532
2020	284	12	57	49	1813	587170.08350	10660168.39824
2020	284	12	57	51	1815	587166.26180	10660165.60666
2020	284	12	57	53	1816	587162.48507	10660162.79785
2020	284	12	57	55	1818	587158.62312	10660160.10369
2020	284	12	57	57	1819	587154.65697	10660157.50975
2020	284	12	57	59	1821	587150.79547	10660154.66976
2020	284	12	58	1	1822	587146.96418	10660151.99180
2020	284	12	58	3	1824	587142.91244	10660149.47558
2020	284	12	58	5	1825	587138.86540	10660146.86901
2020	284	12	58	7	1827	587134.96001	10660144.25649
2020	284	12	58	9	1828	587130.88429	10660141.87251
2020	284	12	58	11	1830	587126.69598	10660139.52458
2020	284	12	58	13	1831	587122.68511	10660137.02767
2020	284	12	58	15	1833	587118.74114	10660134.63121
2020	284	12	58	17	1834	587114.69196	10660132.23306
2020	284	12	58	19	1836	587110.73909	10660129.70839
2020	284	12	58	21	1837	587106.87187	10660127.15252
2020	284	12	58	23	1839	587102.88810	10660124.67284
2020	284	12	58	25	1840	587098.89332	10660122.16774
2020	284	12	58	27	1842	587094.91396	10660119.62851
2020	284	12	58	29	1843	587090.88311	10660117.22378
2020	284	12	58	31	1845	587086.85546	10660114.75307
2020	284	12	58	33	1846	587082.79458	10660112.38636
2020	284	12	58	35	1848	587078.70895	10660110.01165
2020	284	12	58	37	1850	587074.59712	10660107.69698
2020	284	12	58	39	1851	587070.47135	10660105.29419
2020	284	12	58	41	1853	587066.37962	10660102.88726
2020	284	12	58	43	1854	587062.27974	10660100.46528
2020	284	12	58	45	1856	587058.23783	10660097.95582
2020	284	12	58	47	1857	587054.30451	10660095.42858
2020	284	12	58	49	1859	587050.27337	10660092.84561
2020	284	12	58	51	1860	587046.20023	10660090.34899
2020	284	12	58	53	1862	587042.18274	10660087.74624
2020	284	12	58	55	1863	587038.14342	10660085.19005
2020	284	12	58	57	1865	587034.11229	10660082.62971
2020	284	12	58	59	1866	587030.02065	10660080.00983
2020	284	12	59	1	1868	587026.09674	10660077.26989
2020	284	12	59	3	1869	587022.16246	10660074.53718
2020	284	12	59	5	1871	587018.24276	10660071.86428
2020	284	12	59	7	1872	587014.34196	10660069.04321
2020	284	12	59	9	1874	587010.39753	10660066.27211
2020	284	12	59	11	1876	587006.41479	10660063.52097
2020	284	12	59	13	1877	587002.33099	10660060.92248
2020	284	12	59	15	1879	586998.32851	10660058.11747
2020	284	12	59	17	1880	586994.25494	10660055.59689
2020	284	12	59	19	1882	586990.06814	10660053.07362
2020	284	12	59	21	1883	586985.91551	10660050.54664
2020	284	12	59	23	1885	586981.78635	10660048.04015
2020	284	12	59	25	1886	586977.57029	10660045.58971
2020	284	12	59	27	1888	586973.31322	10660043.07269
2020	284	12	59	29	1890	586969.15901	10660040.50044
2020	284	12	59	31	1891	586965.01552	10660038.00896
2020	284	12	59	33	1893	586960.82307	10660035.46333
2020	284	12	59	35	1894	586956.67367	10660032.86624
2020	284	12	59	37	1896	586952.50069	10660030.34242
2020	284	12	59	39	1897	586948.36665	10660027.73385
2020	284	12	59	41	1899	586944.19247	10660025.14753
2020	284	12	59	43	1900	586940.01567	10660022.57458
2020	284	12	59	45	1902	586935.87916	10660019.95956
2020	284	12	59	47	1904	586931.71272	10660017.33898
2020	284	12	59	49	1905	586927.55226	10660014.76779
2020	284	12	59	51	1907	586923.34861	10660012.30740
2020	284	12	59	53	1908	586919.24787	10660009.74249
2020	284	12	59	55	1910	586915.09076	10660007.27427
2020	284	12	59	57	1911	586910.96549	10660004.88242
2020	284	12	59	59	1913	586906.83282	10660002.48276
2020	284	13	0	1	1914	586902.72238	10660000.07167
2020	284	13	0	3	1916	586898.59144	10659997.61128
2020	284	13	0	5	1918	586894.38304	10659995.26961
2020	284	13	0	7	1919	586890.20497	10659992.90350
2020	284	13	0	9	1921	586885.96324	10659990.50203
2020	284	13	0	11	1922	586881.71681	10659988.14377
2020	284	13	0	13	1924	586877.42941	10659985.83681
2020	284	13	0	15	1925	586873.16017	10659983.57428
2020	284	13	0	17	1927	586868.90671	10659981.19502
2020	284	13	0	19	1928	586864.62372	10659978.95457
2020	284	13	0	21	1930	586860.31622	10659976.77233
2020	284	13	0	23	1931	586856.06811	10659974.39751
2020	284	13	0	25	1933	586851.87801	10659971.93789
2020	284	13	0	27	1935	586847.68065	10659969.43806
2020	284	13	0	29	1936	586843.52536	10659966.93020
2020	284	13	0	31	1938	586839.51778	10659964.20649
2020	284	13	0	33	1939	586835.47262	10659961.44937
2020	284	13	0	35	1941	586831.42016	10659958.84395
2020	284	13	0	37	1942	586827.36531	10659956.14679
2020	284	13	0	39	1944	586823.42168	10659953.36381
2020	284	13	0	41	1945	586819.49945	10659950.49317
2020	284	13	0	43	1947	586815.57178	10659947.68997
2020	284	13	0	45	1949	586811.69144	10659944.74135
2020	284	13	0	47	1950	586807.87411	10659941.83947
2020	284	13	0	49	1952	586804.02334	10659938.98802
2020	284	13	0	51	1953	586800.17925	10659936.12477
2020	284	13	0	53	1955	586796.24907	10659933.39802
2020	284	13	0	55	1956	586792.32310	10659930.64539
2020	284	13	0	57	1958	586788.43401	10659927.96745
2020	284	13	0	59	1959	586784.42486	10659925.31767
2020	284	13	1	1	1961	586780.52434	10659922.52852
2020	284	13	1	3	1962	586776.58302	10659919.81425
2020	284	13	1	5	1964	586772.64663	10659917.10117
2020	284	13	1	7	1965	586768.65577	10659914.37577
2020	284	13	1	9	1967	586764.69301	10659911.48776
2020	284	13	1	11	1969	586760.72369	10659908.82598
2020	284	13	1	13	1970	586756.62941	10659906.25122
2020	284	13	1	15	1972	586752.65163	10659903.51164
2020	284	13	1	17	1973	586748.62356	10659900.82785
2020	284	13	1	19	1975	586744.55817	10659898.25609
2020	284	13	1	21	1976	586740.47706	10659895.65846
2020	284	13	1	23	1978	586736.50534	10659892.95451
2020	284	13	1	25	1979	586732.50406	10659890.30081
2020	284	13	1	27	1981	586728.47164	10659887.69095
2020	284	13	1	29	1982	586724.49864	10659885.07445
2020	284	13	1	31	1984	586720.69197	10659882.30273
2020	284	13	1	33	1985	586716.78571	10659879.58870
2020	284	13	1	35	1987	586712.82251	10659876.95520
2020	284	13	1	37	1988	586708.93216	10659874.18180
2020	284	13	1	39	1990	586705.12117	10659871.33421
2020	284	13	1	41	1992	586701.16427	10659868.65475
2020	284	13	1	43	1993	586697.14686	10659866.01172
2020	284	13	1	45	1995	586693.28304	10659863.16328
2020	284	13	1	47	1996	586689.39584	10659860.42701
2020	284	13	1	49	1998	586685.36686	10659857.81628
2020	284	13	1	51	1999	586681.27532	10659855.18884
2020	284	13	1	53	2001	586677.35814	10659852.46559
2020	284	13	1	55	2002	586673.35716	10659849.83585
2020	284	13	1	57	2004	586669.22606	10659847.25662
2020	284	13	1	59	2005	586665.26609	10659844.57453
2020	284	13	2	1	2007	586661.36566	10659841.83792
2020	284	13	2	3	2008	586657.35283	10659839.18869
2020	284	13	2	5	2010	586653.28033	10659836.50202
2020	284	13	2	7	2012	586649.35330	10659833.75305
2020	284	13	2	9	2013	586645.25065	10659831.11147
2020	284	13	2	11	2015	586641.09100	10659828.42388
2020	284	13	2	13	2016	586637.04364	10659825.65482
2020	284	13	2	15	2018	586633.01590	10659822.98510
2020	284	13	2	17	2019	586628.93985	10659820.42469
2020	284	13	2	19	2021	586624.94987	10659817.63286
2020	284	13	2	21	2022	586620.91196	10659814.95209
2020	284	13	2	23	2024	586616.81730	10659812.33571
2020	284	13	2	25	2026	586612.70478	10659809.71611
2020	284	13	2	27	2027	586608.69191	10659807.00396
2020	284	13	2	29	2029	586604.59045	10659804.34788
2020	284	13	2	31	2030	586600.57022	10659801.73846
2020	284	13	2	33	2032	586596.62521	10659799.06414
2020	284	13	2	35	2033	586592.79882	10659796.31135
2020	284	13	2	37	2035	586588.84855	10659793.63698
2020	284	13	2	39	2036	586584.85174	10659790.99375
2020	284	13	2	41	2038	586580.91305	10659788.37079
2020	284	13	2	43	2039	586577.05723	10659785.60120
2020	284	13	2	45	2041	586572.98304	10659782.99497
2020	284	13	2	47	2042	586568.97841	10659780.39731
2020	284	13	2	49	2044	586565.18613	10659777.61306
2020	284	13	2	51	2045	586561.27410	10659774.91497
2020	284	13	2	53	2047	586557.22419	10659772.25294
2020	284	13	2	55	2049	586553.20281	10659769.65430
2020	284	13	2	57	2050	586549.24496	10659766.97168
2020	284	13	2	59	2052	586545.10861	10659764.53500
2020	284	13	3	1	2053	586540.87733	10659762.04411
2020	284	13	3	3	2055	586536.77130	10659759.47246
2020	284	13	3	5	2056	586532.61790	10659757.08461
2020	284	13	3	7	2058	586528.45804	10659754.59519
2020	284	13	3	9	2059	586524.33302	10659752.02440
2020	284	13	3	11	2061	586520.31477	10659749.44054
2020	284	13	3	13	2062	586516.27827	10659746.92923
2020	284	13	3	15	2064	586512.23279	10659744.31400
2020	284	13	3	17	2065	586508.32909	10659741.53553
2020	284	13	3	19	2067	586504.36582	10659738.85750
2020	284	13	3	21	2069	586500.40944	10659736.11257
2020	284	13	3	23	2070	586496.48840	10659733.25246
2020	284	13	3	25	2072	586492.59806	10659730.43386
2020	284	13	3	27	2073	586488.69011	10659727.61526
2020	284	13	3	29	2075	586484.81071	10659724.74242
2020	284	13	3	31	2076	586480.91137	10659721.90035
2020	284	13	3	33	2078	586476.88907	10659719.18251
2020	284	13	3	35	2079	586472.87591	10659716.57286
2020	284	13	3	37	2081	586468.90124	10659713.82174
2020	284	13	3	39	2082	586464.81417	10659711.22100
2020	284	13	3	41	2084	586460.67382	10659708.67164
2020	284	13	3	43	2086	586456.61990	10659706.03731
2020	284	13	3	45	2087	586452.66294	10659703.29340
2020	284	13	3	47	2089	586448.49886	10659700.71676
2020	284	13	3	49	2090	586444.29913	10659698.17512
2020	284	13	3	51	2092	586440.06780	10659695.65712
2020	284	13	3	53	2093	586435.83960	10659693.27306
2020	284	13	3	55	2095	586431.49214	10659691.01472
2020	284	13	3	57	2096	586427.12448	10659688.77817
2020	284	13	3	59	2098	586422.83919	10659686.50535
2020	284	13	4	1	2100	586418.61685	10659684.26837
2020	284	13	4	3	2101	586414.44131	10659682.08525
2020	284	13	4	5	2103	586410.20567	10659679.70653
2020	284	13	4	7	2104	586406.01263	10659677.33280
2020	284	13	4	9	2106	586401.85464	10659674.99453
2020	284	13	4	11	2107	586397.71084	10659672.58757
2020	284	13	4	13	2109	586393.55451	10659670.04458
2020	284	13	4	15	2110	586389.30302	10659667.50252
2020	284	13	4	17	2112	586385.08253	10659665.06414
2020	284	13	4	19	2113	586380.88004	10659662.54661
2020	284	13	4	21	2115	586376.65346	10659660.05007
2020	284	13	4	23	2117	586372.33301	10659657.70124
2020	284	13	4	25	2118	586368.00173	10659655.39707
2020	284	13	4	27	2120	586363.74451	10659653.00001
2020	284	13	4	29	2121	586359.48850	10659650.59891
2020	284	13	4	31	2123	586355.19014	10659648.25000
2020	284	13	4	33	2124	586350.96302	10659645.71861
2020	284	13	4	35	2126	586346.84953	10659643.06798
2020	284	13	4	37	2128	586342.68223	10659640.56269
2020	284	13	4	39	2129	586338.44276	10659637.99374
2020	284	13	4	41	2131	586334.36784	10659635.26277
2020	284	13	4	43	2132	586330.26825	10659632.61238
2020	284	13	4	45	2134	586326.05220	10659630.08108
2020	284	13	4	47	2135	586322.01001	10659627.37146
2020	284	13	4	49	2137	586318.03282	10659624.57923
2020	284	13	4	51	2139	586313.88046	10659622.08334
2020	284	13	4	53	2140	586309.70248	10659619.50600
2020	284	13	4	55	2142	586305.80509	10659616.71501
2020	284	13	4	57	2143	586301.76382	10659614.10115
2020	284	13	4	59	2145	586297.54413	10659611.56217
2020	284	13	5	1	2146	586293.49292	10659608.89593
2020	284	13	5	3	2148	586289.46093	10659606.22836
2020	284	13	5	5	2149	586285.23758	10659603.76368
2020	284	13	5	7	2151	586281.00731	10659601.23674
2020	284	13	5	9	2153	586276.82852	10659598.73772
2020	284	13	5	11	2154	586272.65064	10659596.25290
2020	284	13	5	13	2156	586268.49853	10659593.69481
2020	284	13	5	15	2157	586264.39622	10659591.12434
2020	284	13	5	17	2159	586260.15801	10659588.62321
2020	284	13	5	19	2160	586256.10549	10659585.96422
2020	284	13	5	21	2162	586252.06262	10659583.28714
2020	284	13	5	23	2164	586247.87486	10659580.78678
2020	284	13	5	25	2165	586243.74603	10659578.15762
2020	284	13	5	27	2167	586239.78043	10659575.39469
2020	284	13	5	29	2168	586235.66084	10659572.81106
2020	284	13	5	31	2170	586231.49070	10659570.25357
2020	284	13	5	33	2171	586227.42977	10659567.52173
2020	284	13	5	35	2173	586223.40140	10659564.77391
2020	284	13	5	37	2174	586219.27758	10659562.15995
2020	284	13	5	39	2176	586215.20722	10659559.43967
2020	284	13	5	41	2178	586211.27784	10659556.46913
2020	284	13	5	43	2179	586207.33706	10659553.56810
2020	284	13	5	45	2181	586203.42926	10659550.70530
2020	284	13	5	47	2182	586199.57209	10659547.69744
2020	284	13	5	49	2184	586195.75104	10659544.61484
2020	284	13	5	51	2185	586191.82199	10659541.70968
2020	284	13	5	53	2187	586187.91731	10659538.84660
2020	284	13	5	55	2189	586184.09294	10659535.87757
2020	284	13	5	57	2190	586180.33640	10659532.84229
2020	284	13	5	59	2192	586176.54875	10659529.90391
2020	284	13	6	1	2193	586172.83639	10659526.93194
2020	284	13	6	3	2195	586169.16432	10659523.81154
2020	284	13	6	5	2196	586165.50625	10659520.72740
2020	284	13	6	7	2198	586161.77407	10659517.66347
2020	284	13	6	9	2199	586157.92549	10659514.72291
2020	284	13	6	11	2201	586154.08354	10659511.69474
2020	284	13	6	13	2202	586150.29349	10659508.64773
2020	284	13	6	15	2204	586146.35627	10659505.82810
2020	284	13	6	17	2206	586142.31979	10659503.07851
2020	284	13	6	19	2207	586138.28233	10659500.30846
2020	284	13	6	21	2209	586134.21583	10659497.57077
2020	284	13	6	23	2210	586130.00045	10659495.07053
2020	284	13	6	25	2212	586125.80924	10659492.54123
2020	284	13	6	27	2213	586121.75378	10659489.91379
2020	284	13	6	29	2215	586117.62487	10659487.31322
2020	284	13	6	31	2216	586113.58348	10659484.65503
2020	284	13	6	33	2218	586109.64214	10659481.91766
2020	284	13	6	35	2220	586105.64659	10659479.23757
2020	284	13	6	37	2221	586101.63921	10659476.56624
2020	284	13	6	39	2223	586097.68943	10659473.72080
2020	284	13	6	41	2224	586093.64407	10659471.00834
2020	284	13	6	43	2226	586089.54784	10659468.37518
2020	284	13	6	45	2227	586085.64756	10659465.48859
2020	284	13	6	47	2229	586081.75529	10659462.69376
2020	284	13	6	49	2230	586077.61054	10659460.05095
2020	284	13	6	51	2232	586073.61730	10659457.26875
2020	284	13	6	53	2233	586069.63046	10659454.53041
2020	284	13	6	55	2235	586065.46506	10659452.01101
2020	284	13	6	57	2237	586061.23819	10659449.52856
2020	284	13	6	59	2238	586057.14794	10659446.95557
2020	284	13	7	1	2240	586053.02877	10659444.46864
2020	284	13	7	3	2241	586048.83178	10659442.06414
2020	284	13	7	5	2243	586044.77026	10659439.48515
2020	284	13	7	7	2244	586040.74649	10659436.92828
2020	284	13	7	9	2246	586036.59039	10659434.44225
2020	284	13	7	11	2247	586032.47179	10659431.91961
2020	284	13	7	13	2249	586028.37736	10659429.40357
2020	284	13	7	15	2250	586024.19223	10659426.91398
2020	284	13	7	17	2252	586019.92337	10659424.46281
2020	284	13	7	19	2254	586015.79079	10659421.93870
2020	284	13	7	21	2255	586011.56859	10659419.46515
2020	284	13	7	23	2257	586007.29608	10659416.97144
2020	284	13	7	25	2258	586003.07644	10659414.53504
2020	284	13	7	27	2260	585998.87450	10659412.05335
2020	284	13	7	29	2261	585994.66452	10659409.59349
2020	284	13	7	31	2263	585990.49123	10659407.10372
2020	284	13	7	33	2265	585986.37310	10659404.57603
2020	284	13	7	35	2266	585982.28195	10659402.01881
2020	284	13	7	37	2268	585978.19035	10659399.46517
2020	284	13	7	39	2269	585974.12359	10659396.92526
2020	284	13	7	41	2271	585970.01938	10659394.34408
2020	284	13	7	43	2272	585965.94702	10659391.67639
2020	284	13	7	45	2274	585961.69834	10659389.16082
2020	284	13	7	47	2275	585957.56289	10659386.57371
2020	284	13	7	49	2277	585953.42235	10659383.84639
2020	284	13	7	51	2279	585949.24888	10659381.27878
2020	284	13	7	53	2280	585944.95593	10659378.79245
2020	284	13	7	55	2282	585940.84497	10659376.19642
2020	284	13	7	57	2283	585936.60691	10659373.76391
2020	284	13	7	59	2285	585932.25277	10659371.42083
2020	284	13	8	1	2286	585927.91936	10659369.09611
2020	284	13	8	3	2288	585923.65080	10659366.70337
2020	284	13	8	5	2290	585919.26100	10659364.39775
2020	284	13	8	7	2291	585914.94762	10659362.07079
2020	284	13	8	9	2293	585910.74874	10659359.51865
2020	284	13	8	11	2294	585906.49854	10659356.97183
2020	284	13	8	13	2296	585902.24524	10659354.44397
2020	284	13	8	15	2297	585898.12756	10659351.77037
2020	284	13	8	17	2299	585894.00080	10659349.07971
2020	284	13	8	19	2301	585889.77561	10659346.39693
2020	284	13	8	21	2302	585885.51877	10659343.81953
2020	284	13	8	23	2304	585881.44618	10659341.06946
2020	284	13	8	25	2305	585877.26393	10659338.33001
2020	284	13	8	27	2307	585873.14133	10659335.65115
2020	284	13	8	29	2309	585868.97836	10659332.86081
2020	284	13	8	31	2310	585864.97522	10659329.95889
2020	284	13	8	33	2312	585860.86244	10659327.10356
2020	284	13	8	35	2313	585856.75762	10659324.28838
2020	284	13	8	37	2315	585852.63626	10659321.46280
2020	284	13	8	39	2317	585848.50141	10659318.63585
2020	284	13	8	41	2318	585844.33020	10659315.93828
2020	284	13	8	43	2320	585840.07588	10659313.27823
2020	284	13	8	45	2321	585835.85641	10659310.62255
2020	284	13	8	47	2323	585831.61480	10659308.00763
2020	284	13	8	49	2325	585827.35141	10659305.42960
2020	284	13	8	51	2326	585823.07730	10659302.86683
2020	284	13	8	53	2328	585818.74961	10659300.37646
2020	284	13	8	55	2329	585814.49233	10659297.78460
2020	284	13	8	57	2331	585810.23759	10659295.23178
2020	284	13	8	59	2333	585805.97506	10659292.70582
2020	284	13	9	1	2334	585801.71132	10659290.11968
2020	284	13	9	3	2336	585797.54408	10659287.45294
2020	284	13	9	5	2337	585793.33718	10659284.87128
2020	284	13	9	7	2339	585789.05031	10659282.33210
2020	284	13	9	9	2340	585784.76527	10659279.75967
2020	284	13	9	11	2342	585780.51779	10659277.19498
2020	284	13	9	13	2344	585776.23181	10659274.60265
2020	284	13	9	15	2345	585771.89604	10659272.00041
2020	284	13	9	17	2347	585767.67717	10659269.37615
2020	284	13	9	19	2348	585763.41541	10659266.79495
2020	284	13	9	21	2350	585759.09603	10659264.21541
2020	284	13	9	23	2352	585754.83729	10659261.56664
2020	284	13	9	25	2353	585750.55251	10659259.06426
2020	284	13	9	27	2355	585746.23447	10659256.52234
2020	284	13	9	29	2356	585741.87394	10659253.97099
2020	284	13	9	31	2358	585737.54646	10659251.40126
2020	284	13	9	33	2360	585733.17408	10659248.94284
2020	284	13	9	35	2361	585728.87600	10659246.43863
2020	284	13	9	37	2363	585724.64825	10659243.86837
2020	284	13	9	39	2364	585720.39167	10659241.18794
2020	284	13	9	41	2366	585716.26039	10659238.50790
2020	284	13	9	43	2368	585712.14112	10659235.72528
2020	284	13	9	45	2369	585707.97295	10659232.98944
2020	284	13	9	47	2371	585703.83569	10659230.14627
2020	284	13	9	49	2372	585699.74102	10659227.31360
2020	284	13	9	51	2374	585695.65687	10659224.55753
2020	284	13	9	53	2376	585691.53672	10659221.78101
2020	284	13	9	55	2377	585687.45385	10659218.97895
2020	284	13	9	57	2379	585683.40967	10659216.14078
2020	284	13	9	59	2380	585679.41164	10659213.36404
2020	284	13	10	1	2382	585675.27144	10659210.67000
2020	284	13	10	3	2384	585671.16434	10659207.91151
2020	284	13	10	5	2385	585667.11642	10659205.15527
2020	284	13	10	7	2387	585663.17362	10659202.37116
2020	284	13	10	9	2388	585659.17829	10659199.54581
2020	284	13	10	11	2390	585655.18509	10659196.75559
2020	284	13	10	13	2391	585651.21183	10659193.88030
2020	284	13	10	15	2393	585647.33768	10659190.93570
2020	284	13	10	17	2394	585643.48599	10659187.94567
2020	284	13	10	19	2396	585639.50935	10659185.05291
2020	284	13	10	21	2398	585635.61288	10659182.05717
2020	284	13	10	23	2399	585631.82987	10659178.92923
2020	284	13	10	25	2401	585628.09108	10659175.84046
2020	284	13	10	27	2402	585624.19613	10659172.83513
2020	284	13	10	29	2404	585620.41305	10659169.72770
2020	284	13	10	31	2405	585616.73339	10659166.61313
2020	284	13	10	33	2407	585612.97917	10659163.49610
2020	284	13	10	35	2409	585609.17878	10659160.49114
2020	284	13	10	37	2410	585605.40060	10659157.47398
2020	284	13	10	39	2412	585601.74948	10659154.41373
2020	284	13	10	41	2413	585597.98891	10659151.30082
2020	284	13	10	43	2415	585594.15364	10659148.32707
2020	284	13	10	45	2416	585590.35090	10659145.38656
2020	284	13	10	47	2418	585586.57945	10659142.33995
2020	284	13	10	49	2419	585582.64009	10659139.39177
2020	284	13	10	51	2421	585578.58573	10659136.58178
2020	284	13	10	53	2422	585574.62333	10659133.88452
2020	284	13	10	55	2424	585570.74873	10659131.03440
2020	284	13	10	57	2426	585566.65617	10659128.35931
2020	284	13	10	59	2427	585562.54060	10659125.72074
2020	284	13	11	1	2429	585558.71463	10659122.98854
2020	284	13	11	3	2430	585554.73590	10659120.33126
2020	284	13	11	5	2432	585550.68630	10659117.79963
2020	284	13	11	7	2433	585546.73132	10659115.13552
