YEAR	DAY	HOUR	MINUTE	SECOND	CDP	SOU_X	SOU_Y
2020	284	13	32	21	49	586029.61489	10659430.99093
2020	284	13	32	23	50	586025.45180	10659428.16944
2020	284	13	32	25	52	586021.25680	10659425.32632
2020	284	13	32	27	53	586017.03831	10659422.46728
2020	284	13	32	29	55	586012.80339	10659419.59711
2020	284	13	32	31	57	586008.58442	10659416.73774
2020	284	13	32	33	58	586004.37124	10659413.88230
2020	284	13	32	35	60	586000.11818	10659410.99983
2020	284	13	32	37	62	585995.88146	10659408.12844
2020	284	13	32	39	63	585991.65242	10659405.26225
2020	284	13	32	41	65	585987.44840	10659402.41302
2020	284	13	32	43	67	585983.29466	10659399.46936
2020	284	13	32	45	68	585978.98758	10659396.73956
2020	284	13	32	47	70	585974.79890	10659393.83701
2020	284	13	32	49	71	585970.67953	10659390.98262
2020	284	13	32	51	73	585966.63077	10659388.04557
2020	284	13	32	53	75	585962.54510	10659385.05092
2020	284	13	32	55	76	585958.35034	10659382.09171
2020	284	13	32	57	78	585954.21774	10659379.14453
2020	284	13	32	59	80	585950.14011	10659376.06464
2020	284	13	33	1	81	585945.85366	10659373.12843
2020	284	13	33	3	83	585941.57044	10659370.21544
2020	284	13	33	5	84	585937.22530	10659367.32722
2020	284	13	33	7	86	585932.86719	10659364.50451
2020	284	13	33	9	88	585928.40692	10659361.80120
2020	284	13	33	11	89	585923.95226	10659359.11356
2020	284	13	33	13	91	585919.56083	10659356.45074
2020	284	13	33	15	93	585915.09347	10659353.83105
2020	284	13	33	17	94	585910.80609	10659351.19586
2020	284	13	33	19	96	585906.56005	10659348.46227
2020	284	13	33	21	98	585902.37627	10659345.73163
2020	284	13	33	23	99	585898.22442	10659343.03063
2020	284	13	33	25	101	585894.12653	10659340.27876
2020	284	13	33	27	102	585890.07828	10659337.48741
2020	284	13	33	29	104	585886.00860	10659334.81874
2020	284	13	33	31	105	585881.81536	10659332.32660
2020	284	13	33	33	107	585877.73223	10659329.82315
2020	284	13	33	35	108	585873.70196	10659327.28677
2020	284	13	33	37	110	585869.64761	10659324.89107
2020	284	13	33	39	112	585865.51737	10659322.61162
2020	284	13	33	41	113	585861.49954	10659320.30200
2020	284	13	33	43	114	585857.54937	10659317.90559
2020	284	13	33	45	116	585853.50312	10659315.58369
2020	284	13	33	47	117	585849.45495	10659313.38721
2020	284	13	33	49	119	585845.43180	10659311.19053
2020	284	13	33	51	120	585841.51277	10659308.80077
2020	284	13	33	53	122	585837.60436	10659306.43293
2020	284	13	33	55	123	585833.61046	10659304.21318
2020	284	13	33	57	125	585829.69373	10659301.96929
2020	284	13	33	59	126	585825.81799	10659299.59658
2020	284	13	34	1	128	585821.97377	10659297.29025
2020	284	13	34	3	129	585817.95516	10659295.22361
2020	284	13	34	5	131	585813.97964	10659293.06264
2020	284	13	34	7	132	585810.09233	10659290.85172
2020	284	13	34	9	133	585806.19451	10659288.69137
2020	284	13	34	11	135	585802.21501	10659286.54364
2020	284	13	34	13	136	585798.27322	10659284.34777
2020	284	13	34	15	138	585794.43067	10659282.15237
2020	284	13	34	17	139	585790.60055	10659279.91612
2020	284	13	34	19	141	585786.75507	10659277.66280
2020	284	13	34	21	142	585782.88901	10659275.38924
2020	284	13	34	23	143	585779.15474	10659273.05946
2020	284	13	34	25	145	585775.48009	10659270.65072
2020	284	13	34	27	146	585771.72355	10659268.19306
2020	284	13	34	29	148	585768.02302	10659265.75079
2020	284	13	34	31	149	585764.44218	10659263.19292
2020	284	13	34	33	150	585760.85540	10659260.67122
2020	284	13	34	35	152	585757.23207	10659258.14539
2020	284	13	34	37	153	585753.64360	10659255.59107
2020	284	13	34	39	155	585750.10712	10659253.07867
2020	284	13	34	41	156	585746.57796	10659250.55617
2020	284	13	34	43	157	585743.02878	10659248.08789
2020	284	13	34	45	159	585739.54459	10659245.57648
2020	284	13	34	47	160	585736.00902	10659243.12632
2020	284	13	34	49	162	585732.50095	10659240.69672
2020	284	13	34	51	163	585729.09315	10659238.19927
2020	284	13	34	53	164	585725.66410	10659235.68831
2020	284	13	34	55	166	585722.07956	10659233.34926
2020	284	13	34	57	167	585718.54173	10659230.93741
2020	284	13	34	59	168	585715.10609	10659228.48663
2020	284	13	35	1	170	585711.52702	10659226.15685
2020	284	13	35	3	171	585707.80393	10659223.86372
2020	284	13	35	5	173	585704.13562	10659221.53408
2020	284	13	35	7	174	585700.53428	10659219.15759
2020	284	13	35	9	175	585696.79390	10659216.94411
2020	284	13	35	11	177	585692.99902	10659214.74256
2020	284	13	35	13	178	585689.19255	10659212.57597
2020	284	13	35	15	179	585685.41440	10659210.38990
2020	284	13	35	17	181	585681.55720	10659208.25862
2020	284	13	35	19	182	585677.72611	10659206.12310
2020	284	13	35	21	184	585674.04129	10659203.87769
2020	284	13	35	23	185	585670.40531	10659201.52119
2020	284	13	35	25	186	585666.70082	10659199.21818
2020	284	13	35	27	188	585663.09607	10659196.81685
2020	284	13	35	29	189	585659.61013	10659194.37823
2020	284	13	35	31	191	585656.01294	10659191.93385
2020	284	13	35	33	192	585652.35080	10659189.40982
2020	284	13	35	35	193	585648.82932	10659186.85871
2020	284	13	35	37	195	585645.34681	10659184.21610
2020	284	13	35	39	196	585641.86891	10659181.51175
2020	284	13	35	41	198	585638.29334	10659178.79401
2020	284	13	35	43	199	585634.80978	10659176.06406
2020	284	13	35	45	201	585631.37095	10659173.27403
2020	284	13	35	47	202	585627.82521	10659170.58369
2020	284	13	35	49	203	585624.12280	10659167.94954
2020	284	13	35	51	205	585620.63882	10659165.13916
2020	284	13	35	53	206	585617.09780	10659162.45587
2020	284	13	35	55	208	585613.41096	10659159.87015
2020	284	13	35	57	209	585609.84060	10659157.08613
2020	284	13	35	59	211	585606.36778	10659154.29080
2020	284	13	36	1	212	585602.77294	10659151.65094
2020	284	13	36	3	213	585599.05148	10659149.02669
2020	284	13	36	5	215	585595.40005	10659146.29785
2020	284	13	36	7	216	585591.75163	10659143.62565
2020	284	13	36	9	218	585587.96358	10659141.08215
2020	284	13	36	11	219	585584.22023	10659138.40703
2020	284	13	36	13	221	585580.54204	10659135.69588
2020	284	13	36	15	222	585576.83179	10659133.02963
2020	284	13	36	17	224	585573.10195	10659130.37232
2020	284	13	36	19	225	585569.29022	10659127.75143
2020	284	13	36	21	227	585565.45762	10659125.15918
2020	284	13	36	23	228	585561.49010	10659122.69805
2020	284	13	36	25	230	585557.44852	10659120.30124
2020	284	13	36	27	231	585553.45790	10659117.91332
2020	284	13	36	29	233	585549.38769	10659115.58256
2020	284	13	36	31	234	585545.27680	10659113.31701
2020	284	13	36	33	236	585541.32306	10659110.91320
2020	284	13	36	35	237	585537.39317	10659108.54562
2020	284	13	36	37	239	585533.32345	10659106.24560
2020	284	13	36	39	240	585529.25760	10659103.91954
2020	284	13	36	41	242	585525.34964	10659101.44751
2020	284	13	36	43	243	585521.30251	10659099.23194
2020	284	13	36	45	244	585517.23420	10659096.99571
2020	284	13	36	47	246	585513.25100	10659094.64278
2020	284	13	36	49	247	585509.31955	10659092.30020
2020	284	13	36	51	249	585505.28958	10659090.00228
2020	284	13	36	53	250	585501.20698	10659087.73742
2020	284	13	36	55	252	585497.15443	10659085.34809
2020	284	13	36	57	253	585493.27577	10659082.92906
2020	284	13	36	59	255	585489.24011	10659080.58268
2020	284	13	37	1	256	585485.19446	10659078.26805
2020	284	13	37	3	258	585481.24220	10659075.87913
2020	284	13	37	5	259	585477.35653	10659073.44987
2020	284	13	37	7	261	585473.32561	10659071.16433
2020	284	13	37	9	262	585469.19553	10659068.87767
2020	284	13	37	11	264	585465.25200	10659066.39933
2020	284	13	37	13	265	585461.22997	10659064.06940
2020	284	13	37	15	267	585457.13421	10659061.72987
2020	284	13	37	17	268	585452.97793	10659059.37148
2020	284	13	37	19	270	585448.95181	10659056.91106
2020	284	13	37	21	271	585444.79210	10659054.69591
2020	284	13	37	23	273	585440.58746	10659052.43067
2020	284	13	37	25	274	585436.48450	10659049.99350
2020	284	13	37	27	276	585432.44811	10659047.60052
2020	284	13	37	29	277	585428.24239	10659045.38272
2020	284	13	37	31	279	585424.20172	10659042.93795
2020	284	13	37	33	280	585420.23405	10659040.37685
2020	284	13	37	35	282	585416.13696	10659038.00658
2020	284	13	37	37	283	585412.05255	10659035.60874
2020	284	13	37	39	285	585408.16506	10659032.96340
2020	284	13	37	41	287	585404.16334	10659030.42184
2020	284	13	37	43	288	585400.17164	10659027.82676
2020	284	13	37	45	290	585396.33514	10659025.12730
2020	284	13	37	47	291	585392.50006	10659022.49996
2020	284	13	37	49	293	585388.46537	10659019.89116
2020	284	13	37	51	294	585384.54603	10659017.14872
2020	284	13	37	53	296	585380.70190	10659014.47714
2020	284	13	37	55	297	585376.63440	10659011.94047
2020	284	13	37	57	299	585372.66276	10659009.17578
2020	284	13	37	59	300	585368.64386	10659006.50532
2020	284	13	38	1	302	585364.65962	10659003.93260
2020	284	13	38	3	303	585360.54174	10659001.39780
2020	284	13	38	5	305	585356.48332	10658998.75433
2020	284	13	38	7	306	585352.29556	10658996.34514
2020	284	13	38	9	308	585348.16332	10658993.90762
2020	284	13	38	11	309	585344.09979	10658991.32191
2020	284	13	38	13	311	585339.94143	10658988.85233
2020	284	13	38	15	313	585335.72605	10658986.45559
2020	284	13	38	17	314	585331.58617	10658983.96470
2020	284	13	38	19	316	585327.54171	10658981.34633
2020	284	13	38	21	317	585323.39102	10658978.85676
2020	284	13	38	23	319	585319.18071	10658976.46074
2020	284	13	38	25	320	585315.16216	10658973.80095
2020	284	13	38	27	322	585311.16353	10658971.14364
2020	284	13	38	29	323	585307.05305	10658968.64685
2020	284	13	38	31	325	585302.92897	10658966.11531
2020	284	13	38	33	326	585298.89888	10658963.46303
2020	284	13	38	35	328	585294.85309	10658960.81783
2020	284	13	38	37	330	585290.68596	10658958.33198
2020	284	13	38	39	331	585286.60083	10658955.74171
2020	284	13	38	41	333	585282.50553	10658953.17463
2020	284	13	38	43	334	585278.41751	10658950.55472
2020	284	13	38	45	336	585274.28678	10658947.96050
2020	284	13	38	47	337	585270.16083	10658945.46287
2020	284	13	38	49	339	585266.05792	10658942.93538
2020	284	13	38	51	340	585262.00031	10658940.27714
2020	284	13	38	53	342	585257.92714	10658937.66577
2020	284	13	38	55	343	585253.85487	10658935.09785
2020	284	13	38	57	345	585249.81851	10658932.43677
2020	284	13	38	59	347	585245.77588	10658929.72998
2020	284	13	39	1	348	585241.70494	10658927.09424
2020	284	13	39	3	350	585237.63833	10658924.48721
2020	284	13	39	5	351	585233.54517	10658921.89366
2020	284	13	39	7	353	585229.45423	10658919.30541
2020	284	13	39	9	354	585225.29455	10658916.79118
2020	284	13	39	11	356	585221.20257	10658914.23337
2020	284	13	39	13	357	585217.07135	10658911.69945
2020	284	13	39	15	359	585212.92893	10658909.17195
2020	284	13	39	17	361	585208.82069	10658906.58605
2020	284	13	39	19	362	585204.80003	10658903.92912
2020	284	13	39	21	364	585200.68243	10658901.32617
2020	284	13	39	23	365	585196.45716	10658898.78094
2020	284	13	39	25	367	585192.30432	10658896.15663
2020	284	13	39	27	368	585188.10072	10658893.66455
2020	284	13	39	29	370	585183.82170	10658891.19845
2020	284	13	39	31	372	585179.58936	10658888.66152
2020	284	13	39	33	373	585175.38560	10658886.13143
2020	284	13	39	35	375	585171.29596	10658883.70556
2020	284	13	39	37	376	585167.08778	10658881.24639
2020	284	13	39	39	378	585162.90254	10658878.72901
2020	284	13	39	41	379	585158.77425	10658876.15839
2020	284	13	39	43	381	585154.67758	10658873.64454
2020	284	13	39	45	382	585150.57767	10658871.07313
2020	284	13	39	47	384	585146.42879	10658868.31398
2020	284	13	39	49	386	585142.47338	10658865.49706
2020	284	13	39	51	387	585138.44869	10658862.75904
2020	284	13	39	53	389	585134.37768	10658860.06773
2020	284	13	39	55	390	585130.47166	10658857.18817
2020	284	13	39	57	392	585126.48593	10658854.37940
2020	284	13	39	59	393	585122.40718	10658851.69425
2020	284	13	40	1	395	585118.36021	10658849.01069
2020	284	13	40	3	396	585114.43096	10658846.25290
2020	284	13	40	5	398	585110.36792	10658843.58469
2020	284	13	40	7	400	585106.22342	10658841.02533
2020	284	13	40	9	401	585102.22749	10658838.36549
2020	284	13	40	11	403	585098.21913	10658835.72781
2020	284	13	40	13	404	585094.12419	10658833.17894
2020	284	13	40	15	406	585089.98711	10658830.59849
2020	284	13	40	17	407	585085.99005	10658827.96049
2020	284	13	40	19	409	585082.01649	10658825.30121
2020	284	13	40	21	410	585078.04537	10658822.63127
2020	284	13	40	23	412	585074.14231	10658819.84043
2020	284	13	40	25	413	585070.29072	10658817.03448
2020	284	13	40	27	415	585066.41240	10658814.22816
2020	284	13	40	29	416	585062.53349	10658811.29264
2020	284	13	40	31	418	585058.61859	10658808.47011
2020	284	13	40	33	420	585054.60973	10658805.73770
2020	284	13	40	35	421	585050.60577	10658802.99029
2020	284	13	40	37	423	585046.59836	10658800.29255
2020	284	13	40	39	424	585042.48721	10658797.74971
2020	284	13	40	41	426	585038.33758	10658795.25606
2020	284	13	40	43	427	585034.35891	10658792.58953
2020	284	13	40	45	429	585030.31331	10658790.03072
2020	284	13	40	47	430	585026.32532	10658787.41005
2020	284	13	40	49	432	585022.36281	10658784.70666
2020	284	13	40	51	433	585018.56595	10658781.87769
2020	284	13	40	53	435	585014.64900	10658779.16840
2020	284	13	40	55	436	585010.70555	10658776.44571
2020	284	13	40	57	438	585006.79434	10658773.66648
2020	284	13	40	59	440	585002.95373	10658770.85414
2020	284	13	41	1	441	584998.99484	10658768.18961
2020	284	13	41	3	443	584994.98999	10658765.55461
2020	284	13	41	5	444	584991.09504	10658762.77663
2020	284	13	41	7	446	584987.23267	10658760.01195
2020	284	13	41	9	447	584983.21949	10658757.45143
2020	284	13	41	11	449	584979.22750	10658754.81524
2020	284	13	41	13	450	584975.31725	10658752.10574
2020	284	13	41	15	452	584971.33593	10658749.47115
2020	284	13	41	17	453	584967.31575	10658746.84990
2020	284	13	41	19	455	584963.31965	10658744.20241
2020	284	13	41	21	456	584959.33401	10658741.46305
2020	284	13	41	23	458	584955.29932	10658738.77406
2020	284	13	41	25	459	584951.37582	10658735.96824
2020	284	13	41	27	461	584947.39920	10658733.23176
2020	284	13	41	29	463	584943.39718	10658730.49152
2020	284	13	41	31	464	584939.47994	10658727.65436
2020	284	13	41	33	466	584935.55981	10658724.94787
2020	284	13	41	35	467	584931.53232	10658722.29072
2020	284	13	41	37	469	584927.61163	10658719.49146
2020	284	13	41	39	470	584923.76634	10658716.68216
2020	284	13	41	41	472	584919.89686	10658713.87472
2020	284	13	41	43	473	584916.01723	10658711.04405
2020	284	13	41	45	475	584912.13042	10658708.22017
2020	284	13	41	47	476	584908.29038	10658705.37102
2020	284	13	41	49	478	584904.41466	10658702.57374
2020	284	13	41	51	479	584900.52571	10658699.82661
2020	284	13	41	53	481	584896.54872	10658697.13081
2020	284	13	41	55	483	584892.56391	10658694.40542
2020	284	13	41	57	484	584888.61481	10658691.69066
2020	284	13	41	59	486	584884.51899	10658689.16778
2020	284	13	42	1	487	584880.36669	10658686.60643
2020	284	13	42	3	489	584876.13708	10658684.10498
2020	284	13	42	5	490	584871.92617	10658681.72504
2020	284	13	42	7	492	584867.74687	10658679.28092
2020	284	13	42	9	493	584863.54943	10658676.84303
2020	284	13	42	11	495	584859.36732	10658674.39075
2020	284	13	42	13	496	584855.21227	10658671.92146
2020	284	13	42	15	498	584851.21433	10658669.33415
2020	284	13	42	17	500	584847.13979	10658666.73864
2020	284	13	42	19	501	584843.02837	10658664.19747
2020	284	13	42	21	503	584838.97018	10658661.55534
2020	284	13	42	23	504	584834.96084	10658658.90754
2020	284	13	42	25	506	584830.93620	10658656.24288
2020	284	13	42	27	507	584826.77720	10658653.64885
2020	284	13	42	29	509	584822.76145	10658650.97466
2020	284	13	42	31	510	584818.74154	10658648.35180
2020	284	13	42	33	512	584814.62044	10658645.83414
2020	284	13	42	35	513	584810.47369	10658643.20910
2020	284	13	42	37	515	584806.39464	10658640.67723
2020	284	13	42	39	517	584802.26515	10658638.18123
2020	284	13	42	41	518	584798.07146	10658635.66410
2020	284	13	42	43	520	584793.75111	10658633.18875
2020	284	13	42	45	521	584789.58534	10658630.68590
2020	284	13	42	47	523	584785.38242	10658628.24525
2020	284	13	42	49	524	584781.17401	10658625.72398
2020	284	13	42	51	526	584776.92782	10658623.27686
2020	284	13	42	53	527	584772.79668	10658620.74394
2020	284	13	42	55	529	584768.67464	10658618.24528
2020	284	13	42	57	531	584764.51518	10658615.78164
2020	284	13	42	59	532	584760.30013	10658613.25708
2020	284	13	43	1	534	584756.15222	10658610.73077
2020	284	13	43	3	535	584752.00756	10658608.19221
2020	284	13	43	5	537	584747.84862	10658605.64715
2020	284	13	43	7	538	584743.70763	10658603.12848
2020	284	13	43	9	540	584739.57086	10658600.61196
2020	284	13	43	11	541	584735.46535	10658598.08143
2020	284	13	43	13	543	584731.31406	10658595.60999
2020	284	13	43	15	545	584727.20662	10658593.12542
2020	284	13	43	17	546	584723.11638	10658590.64431
2020	284	13	43	19	548	584719.02472	10658588.11780
2020	284	13	43	21	549	584714.92259	10658585.63254
2020	284	13	43	23	551	584710.99516	10658582.98021
2020	284	13	43	25	552	584707.10538	10658580.38029
2020	284	13	43	27	554	584703.18063	10658577.75193
2020	284	13	43	29	555	584699.24056	10658575.09736
2020	284	13	43	31	557	584695.34854	10658572.53078
2020	284	13	43	33	558	584691.45407	10658570.00586
2020	284	13	43	35	560	584687.40025	10658567.60000
2020	284	13	43	37	561	584683.40554	10658565.16079
2020	284	13	43	39	563	584679.41562	10658562.83460
2020	284	13	43	41	564	584675.42500	10658560.44407
2020	284	13	43	43	566	584671.41731	10658558.00249
2020	284	13	43	45	567	584667.45102	10658555.59409
2020	284	13	43	47	569	584663.44328	10658553.23825
2020	284	13	43	49	570	584659.48500	10658550.77232
2020	284	13	43	51	572	584655.53734	10658548.23146
2020	284	13	43	53	573	584651.48218	10658545.85018
2020	284	13	43	55	575	584647.53372	10658543.30257
2020	284	13	43	57	576	584643.64303	10658540.64719
2020	284	13	43	59	578	584639.81261	10658537.92458
2020	284	13	44	1	579	584635.92532	10658535.23414
2020	284	13	44	3	581	584632.26589	10658532.35634
2020	284	13	44	5	582	584628.66327	10658529.40539
2020	284	13	44	7	584	584624.90578	10658526.60416
2020	284	13	44	9	585	584621.25347	10658523.66910
2020	284	13	44	11	587	584617.60234	10658520.71595
2020	284	13	44	13	588	584613.98822	10658517.83104
2020	284	13	44	15	590	584610.23912	10658515.01474
2020	284	13	44	17	591	584606.65606	10658512.11405
2020	284	13	44	19	593	584603.13019	10658509.10198
2020	284	13	44	21	594	584599.51118	10658506.15479
2020	284	13	44	23	596	584595.82113	10658503.20956
2020	284	13	44	25	597	584592.30028	10658500.20567
2020	284	13	44	27	599	584588.70455	10658497.20615
2020	284	13	44	29	600	584584.85773	10658494.30122
2020	284	13	44	31	602	584581.10432	10658491.48736
2020	284	13	44	33	603	584577.40241	10658488.65979
2020	284	13	44	35	605	584573.50674	10658485.94720
2020	284	13	44	37	606	584569.56118	10658483.30493
2020	284	13	44	39	608	584565.73339	10658480.62574
2020	284	13	44	41	609	584561.85036	10658477.96923
2020	284	13	44	43	611	584557.85737	10658475.42088
2020	284	13	44	45	612	584553.93295	10658472.73756
2020	284	13	44	47	614	584550.06316	10658470.05772
2020	284	13	44	49	615	584546.11097	10658467.43827
2020	284	13	44	51	617	584542.19442	10658464.82064
2020	284	13	44	53	618	584538.39573	10658462.11580
2020	284	13	44	55	620	584534.56428	10658459.47672
2020	284	13	44	57	621	584530.63883	10658456.89125
2020	284	13	44	59	623	584526.79053	10658454.18826
2020	284	13	45	1	624	584522.88394	10658451.63169
2020	284	13	45	3	626	584518.98887	10658449.01703
2020	284	13	45	5	627	584515.06620	10658446.38837
2020	284	13	45	7	629	584511.13122	10658443.73867
2020	284	13	45	9	630	584507.31409	10658441.07174
2020	284	13	45	11	632	584503.45481	10658438.43558
2020	284	13	45	13	633	584499.60283	10658435.77207
2020	284	13	45	15	635	584495.59547	10658433.24521
2020	284	13	45	17	636	584491.69410	10658430.67966
2020	284	13	45	19	638	584487.70989	10658428.28265
2020	284	13	45	21	639	584483.59646	10658425.91940
2020	284	13	45	23	641	584479.54243	10658423.45352
2020	284	13	45	25	642	584475.58430	10658421.03688
2020	284	13	45	27	644	584471.56257	10658418.64982
2020	284	13	45	29	645	584467.45182	10658416.23936
2020	284	13	45	31	647	584463.44636	10658413.63510
2020	284	13	45	33	648	584459.37027	10658411.20942
2020	284	13	45	35	650	584455.22012	10658408.89160
2020	284	13	45	37	651	584451.05581	10658406.45167
2020	284	13	45	39	653	584446.91432	10658404.07559
2020	284	13	45	41	654	584442.70107	10658401.85219
2020	284	13	45	43	656	584438.61176	10658399.56796
2020	284	13	45	45	657	584434.50810	10658397.18796
2020	284	13	45	47	659	584430.40202	10658394.90450
2020	284	13	45	49	660	584426.29192	10658392.60279
2020	284	13	45	51	662	584422.30410	10658390.12455
2020	284	13	45	53	663	584418.23927	10658387.78864
2020	284	13	45	55	665	584414.10799	10658385.46583
2020	284	13	45	57	666	584410.12214	10658382.92917
2020	284	13	45	59	668	584406.08116	10658380.40758
2020	284	13	46	1	669	584402.02948	10658378.02584
2020	284	13	46	3	671	584397.96196	10658375.60788
2020	284	13	46	5	673	584393.90281	10658373.08141
2020	284	13	46	7	674	584389.81348	10658370.71336
2020	284	13	46	9	676	584385.55760	10658368.56320
2020	284	13	46	11	677	584381.40867	10658366.21699
2020	284	13	46	13	679	584377.24656	10658363.83427
2020	284	13	46	15	680	584373.02430	10658361.57368
2020	284	13	46	17	682	584368.89308	10658359.24205
2020	284	13	46	19	683	584364.79962	10658356.78017
2020	284	13	46	21	685	584360.73097	10658354.31231
2020	284	13	46	23	686	584356.58646	10658351.93513
2020	284	13	46	25	688	584352.56369	10658349.44872
2020	284	13	46	27	689	584348.55015	10658346.91433
2020	284	13	46	29	691	584344.45951	10658344.48790
2020	284	13	46	31	692	584340.47085	10658341.86594
2020	284	13	46	33	694	584336.52527	10658339.24881
2020	284	13	46	35	695	584332.60805	10658336.55929
2020	284	13	46	37	697	584328.73865	10658333.80431
2020	284	13	46	39	698	584324.90945	10658330.97501
2020	284	13	46	41	700	584321.09978	10658328.13451
2020	284	13	46	43	702	584317.21442	10658325.36076
2020	284	13	46	45	703	584313.31190	10658322.56732
2020	284	13	46	47	705	584309.39781	10658319.79073
2020	284	13	46	49	706	584305.34114	10658317.15778
2020	284	13	46	51	708	584301.26244	10658314.56305
2020	284	13	46	53	709	584297.22025	10658311.95476
2020	284	13	46	55	711	584293.11171	10658309.45822
2020	284	13	46	57	712	584288.87491	10658307.09444
2020	284	13	46	59	714	584284.71789	10658304.60736
2020	284	13	47	1	715	584280.64416	10658302.08257
2020	284	13	47	3	717	584276.47439	10658299.64534
2020	284	13	47	5	718	584272.29800	10658297.20060
2020	284	13	47	7	720	584268.21473	10658294.64239
2020	284	13	47	9	722	584264.07407	10658292.18535
2020	284	13	47	11	723	584259.97482	10658289.67221
2020	284	13	47	13	725	584255.90765	10658287.15165
2020	284	13	47	15	726	584251.83672	10658284.66143
2020	284	13	47	17	728	584247.75136	10658282.05443
2020	284	13	47	19	729	584243.73552	10658279.44167
2020	284	13	47	21	731	584239.64894	10658276.99319
2020	284	13	47	23	732	584235.49993	10658274.55270
2020	284	13	47	25	734	584231.52545	10658271.83985
2020	284	13	47	27	735	584227.45773	10658269.35279
2020	284	13	47	29	737	584223.27921	10658266.93921
2020	284	13	47	31	738	584219.20988	10658264.32027
2020	284	13	47	33	740	584215.27283	10658261.51778
2020	284	13	47	35	742	584211.12984	10658258.98172
2020	284	13	47	37	743	584206.95166	10658256.45181
2020	284	13	47	39	745	584202.90194	10658253.71133
2020	284	13	47	41	746	584198.85787	10658251.07818
2020	284	13	47	43	748	584194.63657	10658248.65126
2020	284	13	47	45	749	584190.50875	10658246.09454
2020	284	13	47	47	751	584186.51266	10658243.47248
2020	284	13	47	49	752	584182.56766	10658240.94635
2020	284	13	47	51	754	584178.50936	10658238.30473
2020	284	13	47	53	755	584174.64150	10658235.43572
2020	284	13	47	55	757	584170.73607	10658232.72584
2020	284	13	47	57	759	584166.78016	10658230.02346
2020	284	13	47	59	760	584162.76333	10658227.14024
2020	284	13	48	1	762	584158.92929	10658224.24452
2020	284	13	48	3	763	584154.84665	10658221.56072
2020	284	13	48	5	765	584150.72212	10658218.85171
2020	284	13	48	7	766	584146.78498	10658215.91384
2020	284	13	48	9	768	584142.70931	10658213.25381
2020	284	13	48	11	769	584138.47568	10658210.70594
2020	284	13	48	13	771	584134.41193	10658208.03902
2020	284	13	48	15	773	584130.41535	10658205.41655
2020	284	13	48	17	774	584126.20491	10658202.97950
2020	284	13	48	19	776	584122.09340	10658200.42888
2020	284	13	48	21	777	584118.09341	10658197.76178
2020	284	13	48	23	779	584114.06370	10658195.16643
2020	284	13	48	25	780	584110.00438	10658192.53318
2020	284	13	48	27	782	584106.18087	10658189.68456
2020	284	13	48	29	783	584102.28441	10658186.90594
2020	284	13	48	31	785	584098.21659	10658184.23249
2020	284	13	48	33	786	584094.23579	10658181.41153
2020	284	13	48	35	788	584090.26092	10658178.67013
2020	284	13	48	37	790	584086.14361	10658176.09305
2020	284	13	48	39	791	584081.92101	10658173.57394
2020	284	13	48	41	793	584077.83578	10658170.94010
2020	284	13	48	43	794	584073.71025	10658168.45997
2020	284	13	48	45	796	584069.57566	10658166.02119
2020	284	13	48	47	797	584065.51638	10658163.46302
2020	284	13	48	49	799	584061.39977	10658160.92634
2020	284	13	48	51	800	584057.33721	10658158.37970
2020	284	13	48	53	802	584053.34379	10658155.73588
2020	284	13	48	55	803	584049.30730	10658153.10926
2020	284	13	48	57	805	584045.21125	10658150.49445
2020	284	13	48	59	807	584041.23499	10658147.70591
2020	284	13	49	1	808	584037.32994	10658144.96698
2020	284	13	49	3	810	584033.19925	10658142.43568
2020	284	13	49	5	811	584029.06733	10658139.83906
2020	284	13	49	7	813	584025.06384	10658137.16968
2020	284	13	49	9	814	584020.99195	10658134.71996
2020	284	13	49	11	816	584016.83563	10658132.29995
2020	284	13	49	13	817	584012.73059	10658129.77567
2020	284	13	49	15	819	584008.77432	10658127.11941
2020	284	13	49	17	820	584004.82747	10658124.57464
2020	284	13	49	19	822	584000.82048	10658121.98324
2020	284	13	49	21	823	583996.86358	10658119.26734
2020	284	13	49	23	825	583992.93858	10658116.55699
2020	284	13	49	25	827	583989.03856	10658113.91589
2020	284	13	49	27	828	583985.11175	10658111.32810
2020	284	13	49	29	830	583981.10318	10658108.67562
2020	284	13	49	31	831	583977.13827	10658106.07423
2020	284	13	49	33	833	583973.08698	10658103.56972
2020	284	13	49	35	834	583969.12532	10658100.99584
2020	284	13	49	37	836	583965.11314	10658098.40679
2020	284	13	49	39	837	583961.12203	10658095.70842
2020	284	13	49	41	839	583957.22610	10658093.05254
2020	284	13	49	43	840	583953.31027	10658090.34378
2020	284	13	49	45	842	583949.37159	10658087.61949
2020	284	13	49	47	843	583945.39139	10658084.91756
2020	284	13	49	49	845	583941.42005	10658082.29261
2020	284	13	49	51	846	583937.44055	10658079.62576
2020	284	13	49	53	848	583933.44232	10658076.94517
2020	284	13	49	55	849	583929.54002	10658074.24122
2020	284	13	49	57	851	583925.63503	10658071.52051
2020	284	13	49	59	852	583921.70421	10658068.82660
2020	284	13	50	1	854	583917.78514	10658066.02726
2020	284	13	50	3	856	583913.79683	10658063.34197
2020	284	13	50	5	857	583909.81862	10658060.67484
2020	284	13	50	7	859	583905.86995	10658058.02867
2020	284	13	50	9	860	583901.97662	10658055.30011
2020	284	13	50	11	862	583898.07033	10658052.58070
2020	284	13	50	13	863	583894.12498	10658049.95500
2020	284	13	50	15	865	583890.20621	10658047.29430
2020	284	13	50	17	866	583886.31115	10658044.58166
2020	284	13	50	19	868	583882.47792	10658041.81015
2020	284	13	50	21	869	583878.51822	10658039.20420
2020	284	13	50	23	871	583874.59884	10658036.48957
2020	284	13	50	25	872	583870.90740	10658033.57912
2020	284	13	50	27	874	583867.12955	10658030.79413
2020	284	13	50	29	875	583863.13938	10658028.14491
2020	284	13	50	31	877	583859.20375	10658025.44440
2020	284	13	50	33	878	583855.44694	10658022.64800
2020	284	13	50	35	880	583851.48107	10658020.04835
2020	284	13	50	37	881	583847.34098	10658017.61982
2020	284	13	50	39	883	583843.35182	10658015.00434
2020	284	13	50	41	884	583839.46000	10658012.37044
2020	284	13	50	43	886	583835.48359	10658009.83211
2020	284	13	50	45	887	583831.38216	10658007.35430
2020	284	13	50	47	889	583827.41667	10658004.72401
2020	284	13	50	49	890	583823.47485	10658002.04664
2020	284	13	50	51	892	583819.40428	10657999.57747
2020	284	13	50	53	894	583815.26684	10657997.10694
2020	284	13	50	55	895	583811.12483	10657994.57421
2020	284	13	50	57	897	583807.06422	10657992.05072
2020	284	13	50	59	898	583802.98734	10657989.55516
2020	284	13	51	1	900	583798.94834	10657987.03003
2020	284	13	51	3	901	583794.92757	10657984.36653
2020	284	13	51	5	903	583790.96958	10657981.72091
2020	284	13	51	7	904	583786.96683	10657979.12911
2020	284	13	51	9	906	583782.87326	10657976.58987
2020	284	13	51	11	907	583778.86250	10657973.88677
2020	284	13	51	13	909	583774.89230	10657971.21910
2020	284	13	51	15	910	583770.82967	10657968.70487
2020	284	13	51	17	912	583766.82068	10657966.03655
2020	284	13	51	19	913	583762.83960	10657963.33554
2020	284	13	51	21	915	583758.72877	10657960.80971
2020	284	13	51	23	917	583754.61957	10657958.34145
2020	284	13	51	25	918	583750.56122	10657955.80025
2020	284	13	51	27	920	583746.49760	10657953.27224
2020	284	13	51	29	921	583742.45278	10657950.73937
2020	284	13	51	31	923	583738.45655	10657948.17814
2020	284	13	51	33	924	583734.47729	10657945.60911
2020	284	13	51	35	926	583730.52216	10657942.97773
2020	284	13	51	37	927	583726.50575	10657940.42186
2020	284	13	51	39	929	583722.44927	10657937.90877
2020	284	13	51	41	930	583718.42285	10657935.38917
2020	284	13	51	43	932	583714.42282	10657932.82080
2020	284	13	51	45	933	583710.27621	10657930.36738
2020	284	13	51	47	935	583706.13357	10657927.99045
2020	284	13	51	49	936	583702.10579	10657925.51121
2020	284	13	51	51	938	583697.97459	10657923.06199
2020	284	13	51	53	939	583693.74548	10657920.74309
2020	284	13	51	55	941	583689.58700	10657918.34141
2020	284	13	51	57	942	583685.56645	10657915.82340
2020	284	13	51	59	944	583681.42227	10657913.33937
2020	284	13	52	1	946	583677.27052	10657910.89642
2020	284	13	52	3	947	583673.16889	10657908.43586
2020	284	13	52	5	949	583669.24439	10657905.85172
2020	284	13	52	7	950	583665.22092	10657903.30394
2020	284	13	52	9	952	583661.09370	10657900.76697
2020	284	13	52	11	953	583657.08236	10657898.15096
2020	284	13	52	13	955	583653.14329	10657895.54408
2020	284	13	52	15	956	583649.15280	10657892.84242
2020	284	13	52	17	958	583645.04632	10657890.17413
2020	284	13	52	19	959	583640.98815	10657887.52520
2020	284	13	52	21	961	583636.94659	10657884.91584
2020	284	13	52	23	963	583632.82135	10657882.28208
2020	284	13	52	25	964	583628.69993	10657879.67263
2020	284	13	52	27	966	583624.60640	10657877.18109
2020	284	13	52	29	967	583620.45903	10657874.67091
2020	284	13	52	31	969	583616.46121	10657872.04838
2020	284	13	52	33	970	583612.41075	10657869.46261
2020	284	13	52	35	972	583608.29068	10657866.99664
2020	284	13	52	37	973	583604.28799	10657864.38367
2020	284	13	52	39	975	583600.37152	10657861.64789
2020	284	13	52	41	976	583596.38943	10657859.16739
2020	284	13	52	43	978	583592.33026	10657856.66063
2020	284	13	52	45	979	583588.50532	10657853.91339
2020	284	13	52	47	981	583584.64572	10657851.31724
2020	284	13	52	49	982	583580.68746	10657848.84745
2020	284	13	52	51	984	583576.64429	10657846.34767
2020	284	13	52	53	985	583572.66099	10657843.77928
2020	284	13	52	55	987	583568.66916	10657841.40493
2020	284	13	52	57	988	583564.55267	10657839.09762
2020	284	13	52	59	990	583560.45027	10657836.65685
2020	284	13	53	1	991	583556.38382	10657834.33026
2020	284	13	53	3	993	583552.32989	10657832.03819
2020	284	13	53	5	994	583548.29836	10657829.61240
2020	284	13	53	7	996	583544.23307	10657827.24079
2020	284	13	53	9	997	583540.23809	10657824.92053
2020	284	13	53	11	999	583536.22741	10657822.56850
2020	284	13	53	13	1000	583532.23351	10657820.12107
2020	284	13	53	15	1002	583528.28579	10657817.62990
2020	284	13	53	17	1003	583524.33283	10657815.19530
2020	284	13	53	19	1005	583520.46584	10657812.58012
2020	284	13	53	21	1006	583516.60522	10657809.88230
2020	284	13	53	23	1008	583512.76368	10657807.16990
2020	284	13	53	25	1009	583508.95330	10657804.46948
2020	284	13	53	27	1011	583505.22112	10657801.64896
2020	284	13	53	29	1012	583501.38759	10657798.83475
2020	284	13	53	31	1014	583497.54100	10657796.14508
2020	284	13	53	33	1015	583493.69892	10657793.46535
2020	284	13	53	35	1017	583489.83418	10657790.78440
2020	284	13	53	37	1018	583485.84386	10657788.17367
2020	284	13	53	39	1020	583481.87436	10657785.63601
2020	284	13	53	41	1021	583478.03866	10657782.98821
2020	284	13	53	43	1023	583474.16472	10657780.29147
2020	284	13	53	45	1024	583470.22378	10657777.65105
2020	284	13	53	47	1026	583466.33560	10657775.00663
2020	284	13	53	49	1027	583462.62553	10657772.21181
2020	284	13	53	51	1029	583458.79941	10657769.42450
2020	284	13	53	53	1030	583454.80708	10657766.77572
2020	284	13	53	55	1032	583450.95391	10657764.02566
2020	284	13	53	57	1033	583447.24493	10657761.21970
2020	284	13	53	59	1035	583443.35320	10657758.41748
2020	284	13	54	1	1037	583439.36320	10657755.72372
2020	284	13	54	3	1038	583435.47175	10657753.02859
2020	284	13	54	5	1040	583431.61263	10657750.31243
2020	284	13	54	7	1041	583427.72574	10657747.73294
2020	284	13	54	9	1043	583423.72940	10657745.19407
2020	284	13	54	11	1044	583419.77587	10657742.70884
2020	284	13	54	13	1046	583415.85234	10657740.21225
2020	284	13	54	15	1047	583411.94156	10657737.67016
2020	284	13	54	17	1049	583408.07368	10657735.07421
2020	284	13	54	19	1050	583404.20360	10657732.41458
2020	284	13	54	21	1052	583400.39974	10657729.77102
2020	284	13	54	23	1053	583396.53370	10657727.08239
2020	284	13	54	25	1055	583392.73596	10657724.36758
2020	284	13	54	27	1056	583388.90198	10657721.75690
2020	284	13	54	29	1058	583384.97011	10657719.21680
2020	284	13	54	31	1059	583381.04732	10657716.56518
2020	284	13	54	33	1061	583377.09350	10657713.99634
2020	284	13	54	35	1062	583373.16703	10657711.47540
2020	284	13	54	37	1064	583369.16959	10657708.93874
2020	284	13	54	39	1065	583365.16130	10657706.40370
2020	284	13	54	41	1067	583361.21565	10657703.79881
2020	284	13	54	43	1068	583357.26641	10657701.26419
2020	284	13	54	45	1070	583353.40905	10657698.67360
2020	284	13	54	47	1071	583349.39635	10657696.07153
2020	284	13	54	49	1073	583345.54215	10657693.35194
2020	284	13	54	51	1074	583341.66575	10657690.67673
2020	284	13	54	53	1076	583337.72482	10657688.02078
2020	284	13	54	55	1077	583333.84840	10657685.29877
2020	284	13	54	57	1079	583330.06173	10657682.42845
2020	284	13	54	59	1080	583326.30436	10657679.69646
2020	284	13	55	1	1082	583322.46592	10657677.02558
2020	284	13	55	3	1083	583318.66842	10657674.20133
2020	284	13	55	5	1085	583314.89732	10657671.40713
2020	284	13	55	7	1086	583311.06157	10657668.71305
2020	284	13	55	9	1088	583307.25939	10657665.94683
2020	284	13	55	11	1089	583303.40595	10657663.14358
2020	284	13	55	13	1091	583299.53701	10657660.36045
2020	284	13	55	15	1092	583295.74460	10657657.76763
2020	284	13	55	17	1094	583291.88370	10657655.15032
2020	284	13	55	19	1095	583287.81401	10657652.63351
2020	284	13	55	21	1097	583283.72767	10657650.29510
2020	284	13	55	23	1098	583279.64945	10657647.98979
2020	284	13	55	25	1100	583275.48270	10657645.77198
2020	284	13	55	27	1101	583271.19014	10657643.59135
2020	284	13	55	29	1103	583266.93515	10657641.38627
2020	284	13	55	31	1104	583262.82415	10657639.07467
2020	284	13	55	33	1106	583258.69179	10657636.82372
2020	284	13	55	35	1107	583254.52756	10657634.54575
2020	284	13	55	37	1109	583250.33903	10657632.25896
2020	284	13	55	39	1110	583246.24735	10657629.95610
2020	284	13	55	41	1112	583242.11026	10657627.66499
2020	284	13	55	43	1113	583237.87624	10657625.45139
2020	284	13	55	45	1115	583233.79279	10657623.04340
2020	284	13	55	47	1116	583229.72078	10657620.65155
2020	284	13	55	49	1118	583225.62832	10657618.22972
2020	284	13	55	51	1119	583221.48384	10657615.88231
2020	284	13	55	53	1121	583217.45820	10657613.40966
2020	284	13	55	55	1123	583213.41033	10657610.95415
2020	284	13	55	57	1124	583209.23791	10657608.73976
2020	284	13	55	59	1126	583205.20062	10657606.30299
2020	284	13	56	1	1127	583201.14814	10657603.84363
2020	284	13	56	3	1129	583197.02135	10657601.42880
2020	284	13	56	5	1130	583192.95248	10657598.99825
2020	284	13	56	7	1132	583189.04658	10657596.39576
2020	284	13	56	9	1133	583185.07390	10657593.78011
2020	284	13	56	11	1135	583181.03356	10657591.23574
2020	284	13	56	13	1136	583177.11653	10657588.60314
2020	284	13	56	15	1138	583173.23360	10657585.99500
2020	284	13	56	17	1139	583169.30602	10657583.33937
2020	284	13	56	19	1141	583165.32985	10657580.72438
2020	284	13	56	21	1142	583161.40246	10657578.12878
2020	284	13	56	23	1144	583157.54503	10657575.47690
2020	284	13	56	25	1145	583153.62454	10657572.79018
2020	284	13	56	27	1147	583149.63665	10657570.21657
2020	284	13	56	29	1148	583145.68787	10657567.65462
2020	284	13	56	31	1150	583141.81252	10657564.97878
2020	284	13	56	33	1151	583137.82655	10657562.45520
2020	284	13	56	35	1153	583133.83344	10657559.98267
2020	284	13	56	37	1154	583129.91477	10657557.42280
2020	284	13	56	39	1156	583125.94595	10657554.94164
2020	284	13	56	41	1157	583121.92506	10657552.46143
2020	284	13	56	43	1159	583117.93374	10657549.96124
2020	284	13	56	45	1160	583114.00780	10657547.38175
2020	284	13	56	47	1162	583110.13413	10657544.76439
2020	284	13	56	49	1163	583106.18496	10657542.15199
2020	284	13	56	51	1165	583102.36396	10657539.44356
2020	284	13	56	53	1166	583098.49452	10657536.81283
2020	284	13	56	55	1168	583094.66020	10657534.11237
2020	284	13	56	57	1169	583090.76900	10657531.48681
2020	284	13	56	59	1171	583086.81078	10657528.90468
2020	284	13	57	1	1172	583082.85916	10657526.31770
2020	284	13	57	3	1174	583078.89353	10657523.75864
2020	284	13	57	5	1175	583075.02473	10657521.12999
2020	284	13	57	7	1177	583071.05924	10657518.48389
2020	284	13	57	9	1178	583067.06747	10657515.87075
2020	284	13	57	11	1180	583063.20794	10657513.14795
2020	284	13	57	13	1181	583059.30751	10657510.44315
2020	284	13	57	15	1183	583055.30763	10657507.85089
2020	284	13	57	17	1184	583051.32769	10657505.25810
2020	284	13	57	19	1186	583047.38025	10657502.65666
2020	284	13	57	21	1187	583043.29317	10657500.19992
2020	284	13	57	23	1189	583039.15711	10657497.81471
2020	284	13	57	25	1191	583035.11740	10657495.39522
2020	284	13	57	27	1192	583031.16243	10657492.89755
2020	284	13	57	29	1194	583027.10296	10657490.44270
2020	284	13	57	31	1195	583023.04335	10657488.03095
2020	284	13	57	33	1197	583019.13465	10657485.45462
2020	284	13	57	35	1198	583015.28237	10657482.83799
2020	284	13	57	37	1200	583011.27830	10657480.39851
2020	284	13	57	39	1201	583007.15241	10657477.99139
2020	284	13	57	41	1203	583003.18849	10657475.49503
2020	284	13	57	43	1204	582999.22953	10657473.02942
2020	284	13	57	45	1206	582995.12363	10657470.70090
2020	284	13	57	47	1207	582991.03256	10657468.29252
2020	284	13	57	49	1209	582987.11351	10657465.75433
2020	284	13	57	51	1210	582983.18998	10657463.26850
2020	284	13	57	53	1212	582979.14899	10657460.84574
2020	284	13	57	55	1213	582975.18129	10657458.34039
2020	284	13	57	57	1215	582971.23553	10657455.83516
2020	284	13	57	59	1216	582967.31799	10657453.37229
2020	284	13	58	1	1218	582963.31755	10657450.82550
2020	284	13	58	3	1219	582959.40029	10657448.24068
2020	284	13	58	5	1221	582955.48104	10657445.69909
2020	284	13	58	7	1222	582951.67897	10657443.12771
2020	284	13	58	9	1224	582947.84875	10657440.41823
2020	284	13	58	11	1225	582943.87861	10657437.81861
2020	284	13	58	13	1227	582939.95691	10657435.23235
2020	284	13	58	15	1228	582936.16377	10657432.52237
2020	284	13	58	17	1230	582932.32767	10657429.77088
2020	284	13	58	19	1231	582928.31762	10657427.09813
2020	284	13	58	21	1233	582924.45216	10657424.37839
2020	284	13	58	23	1234	582920.67149	10657421.54573
2020	284	13	58	25	1236	582916.82817	10657418.75462
2020	284	13	58	27	1237	582912.76351	10657416.07305
2020	284	13	58	29	1239	582908.73143	10657413.37156
2020	284	13	58	31	1240	582904.78690	10657410.65780
2020	284	13	58	33	1242	582900.73434	10657408.01422
2020	284	13	58	35	1243	582896.51029	10657405.62256
2020	284	13	58	37	1245	582892.52013	10657403.07468
2020	284	13	58	39	1246	582888.61400	10657400.55976
2020	284	13	58	41	1248	582884.56370	10657398.21052
2020	284	13	58	43	1249	582880.49688	10657395.78087
2020	284	13	58	45	1251	582876.55348	10657393.30111
2020	284	13	58	47	1252	582872.54729	10657390.89866
2020	284	13	58	49	1254	582868.35493	10657388.54911
2020	284	13	58	51	1255	582864.32858	10657386.06951
2020	284	13	58	53	1257	582860.27644	10657383.63783
2020	284	13	58	55	1258	582856.16624	10657381.23240
2020	284	13	58	57	1260	582852.03834	10657378.79747
2020	284	13	58	59	1262	582847.90640	10657376.35689
2020	284	13	59	1	1263	582843.65084	10657374.01718
2020	284	13	59	3	1265	582839.33674	10657371.73334
2020	284	13	59	5	1266	582835.03723	10657369.49946
2020	284	13	59	7	1268	582830.66416	10657367.32661
2020	284	13	59	9	1269	582826.42216	10657365.06523
2020	284	13	59	11	1271	582822.25308	10657362.69125
2020	284	13	59	13	1272	582818.00430	10657360.38580
2020	284	13	59	15	1274	582813.88944	10657357.84307
2020	284	13	59	17	1275	582809.90626	10657355.16465
2020	284	13	59	19	1277	582805.85358	10657352.62161
2020	284	13	59	21	1279	582801.78531	10657349.89779
2020	284	13	59	23	1280	582797.83574	10657347.03029
2020	284	13	59	25	1282	582793.95837	10657344.11830
2020	284	13	59	27	1283	582790.05799	10657341.31367
2020	284	13	59	29	1285	582786.21769	10657338.30479
2020	284	13	59	31	1286	582782.28961	10657335.32193
2020	284	13	59	33	1288	582778.42508	10657332.35794
2020	284	13	59	35	1290	582774.56585	10657329.44167
2020	284	13	59	37	1291	582770.58302	10657326.59205
2020	284	13	59	39	1293	582766.49274	10657323.77451
2020	284	13	59	41	1294	582762.44884	10657321.04072
2020	284	13	59	43	1296	582758.41674	10657318.39484
2020	284	13	59	45	1297	582754.42605	10657315.68478
2020	284	13	59	47	1299	582750.30714	10657313.06099
2020	284	13	59	49	1300	582746.23021	10657310.47989
2020	284	13	59	51	1302	582742.40268	10657307.66886
2020	284	13	59	53	1303	582738.52428	10657304.85420
2020	284	13	59	55	1305	582734.45946	10657302.14472
2020	284	13	59	57	1307	582730.54462	10657299.31398
2020	284	13	59	59	1308	582726.84127	10657296.32533
2020	284	14	0	1	1310	582722.91785	10657293.50504
2020	284	14	0	3	1311	582718.77755	10657290.85463
2020	284	14	0	5	1313	582714.81973	10657288.08871
2020	284	14	0	7	1314	582710.83334	10657285.42604
2020	284	14	0	9	1316	582706.70530	10657282.95128
2020	284	14	0	11	1317	582702.58571	10657280.37483
2020	284	14	0	13	1319	582698.55242	10657277.73472
2020	284	14	0	15	1320	582694.47557	10657275.18505
2020	284	14	0	17	1322	582690.37211	10657272.54784
2020	284	14	0	19	1324	582686.40302	10657269.76465
2020	284	14	0	21	1325	582682.36751	10657266.97558
2020	284	14	0	23	1327	582678.36665	10657264.22271
2020	284	14	0	25	1328	582674.54907	10657261.32301
2020	284	14	0	27	1330	582670.73350	10657258.36890
2020	284	14	0	29	1331	582666.78146	10657255.48647
2020	284	14	0	31	1333	582662.84250	10657252.56517
2020	284	14	0	33	1335	582659.06259	10657249.54097
2020	284	14	0	35	1336	582655.20632	10657246.49518
2020	284	14	0	37	1338	582651.34512	10657243.46619
2020	284	14	0	39	1339	582647.60836	10657240.32940
2020	284	14	0	41	1341	582643.92393	10657237.20208
2020	284	14	0	43	1342	582640.14314	10657234.15922
2020	284	14	0	45	1344	582636.31997	10657231.11588
2020	284	14	0	47	1345	582632.46805	10657228.12921
2020	284	14	0	49	1347	582628.62844	10657225.21048
2020	284	14	0	51	1349	582624.71145	10657222.33871
2020	284	14	0	53	1350	582620.80290	10657219.47191
2020	284	14	0	55	1352	582616.86896	10657216.64796
2020	284	14	0	57	1353	582612.92213	10657213.89955
2020	284	14	0	59	1355	582608.95667	10657211.12588
2020	284	14	1	1	1356	582604.95587	10657208.40882
2020	284	14	1	3	1358	582600.87548	10657205.86787
2020	284	14	1	5	1359	582596.71119	10657203.37647
2020	284	14	1	7	1361	582592.56886	10657200.86896
2020	284	14	1	9	1362	582588.54232	10657198.33952
2020	284	14	1	11	1364	582584.35598	10657195.97694
2020	284	14	1	13	1365	582580.18894	10657193.49927
2020	284	14	1	15	1367	582576.23214	10657190.78675
2020	284	14	1	17	1369	582572.21886	10657188.20072
2020	284	14	1	19	1370	582568.03757	10657185.72291
2020	284	14	1	21	1372	582563.95712	10657183.05467
2020	284	14	1	23	1373	582559.93301	10657180.41984
2020	284	14	1	25	1375	582555.74759	10657178.03571
2020	284	14	1	27	1376	582551.53476	10657175.67051
2020	284	14	1	29	1378	582547.48758	10657173.05392
2020	284	14	1	31	1379	582543.32395	10657170.57956
2020	284	14	1	33	1381	582539.12123	10657168.17727
2020	284	14	1	35	1382	582535.02648	10657165.59360
2020	284	14	1	37	1384	582530.95378	10657162.95777
2020	284	14	1	39	1386	582526.81593	10657160.41933
2020	284	14	1	41	1387	582522.79642	10657157.78534
2020	284	14	1	43	1389	582518.83684	10657155.05219
2020	284	14	1	45	1390	582514.80019	10657152.42867
2020	284	14	1	47	1392	582510.79401	10657149.77972
2020	284	14	1	49	1393	582506.79159	10657147.11097
2020	284	14	1	51	1395	582502.69158	10657144.47201
2020	284	14	1	53	1396	582498.52485	10657141.95936
2020	284	14	1	55	1398	582494.42785	10657139.31097
2020	284	14	1	57	1400	582490.32202	10657136.73247
2020	284	14	1	59	1401	582486.16998	10657134.16910
2020	284	14	2	1	1403	582482.11061	10657131.48671
2020	284	14	2	3	1404	582478.04188	10657128.84352
2020	284	14	2	5	1406	582473.88573	10657126.32458
2020	284	14	2	7	1407	582469.77179	10657123.78527
2020	284	14	2	9	1409	582465.63132	10657121.16155
2020	284	14	2	11	1410	582461.47220	10657118.62520
2020	284	14	2	13	1412	582457.32668	10657116.08707
2020	284	14	2	15	1414	582453.25295	10657113.43018
2020	284	14	2	17	1415	582449.22283	10657110.70943
2020	284	14	2	19	1417	582445.05862	10657108.10834
2020	284	14	2	21	1418	582440.94578	10657105.48091
2020	284	14	2	23	1420	582436.84643	10657102.81982
2020	284	14	2	25	1421	582432.67335	10657100.33628
2020	284	14	2	27	1423	582428.46689	10657097.94506
2020	284	14	2	29	1424	582424.25349	10657095.53445
2020	284	14	2	31	1426	582420.07813	10657093.16028
2020	284	14	2	33	1427	582415.87890	10657090.83368
2020	284	14	2	35	1429	582411.68872	10657088.48939
2020	284	14	2	37	1431	582407.52804	10657086.01904
2020	284	14	2	39	1432	582403.39269	10657083.60903
2020	284	14	2	41	1434	582399.24381	10657081.18241
2020	284	14	2	43	1435	582395.12405	10657078.72933
2020	284	14	2	45	1437	582391.06475	10657076.35207
2020	284	14	2	47	1438	582386.92365	10657073.90438
2020	284	14	2	49	1440	582382.78981	10657071.49677
2020	284	14	2	51	1441	582378.63516	10657069.04187
2020	284	14	2	53	1443	582374.37925	10657066.71986
2020	284	14	2	55	1444	582370.15617	10657064.42342
2020	284	14	2	57	1446	582365.93315	10657061.99223
2020	284	14	2	59	1447	582361.70230	10657059.67299
2020	284	14	3	1	1449	582357.50337	10657057.33016
2020	284	14	3	3	1451	582353.43986	10657054.83371
2020	284	14	3	5	1452	582349.36577	10657052.28135
2020	284	14	3	7	1454	582345.20988	10657049.84073
2020	284	14	3	9	1455	582341.07581	10657047.37030
2020	284	14	3	11	1457	582337.02618	10657044.85582
2020	284	14	3	13	1458	582332.94168	10657042.34148
2020	284	14	3	15	1460	582328.84603	10657039.81282
2020	284	14	3	17	1461	582324.82767	10657037.25528
2020	284	14	3	19	1463	582320.82872	10657034.72114
2020	284	14	3	21	1464	582316.92766	10657032.14412
2020	284	14	3	23	1466	582312.95437	10657029.52409
2020	284	14	3	25	1467	582309.02817	10657026.88890
2020	284	14	3	27	1469	582305.08433	10657024.26669
2020	284	14	3	29	1470	582301.19603	10657021.55589
2020	284	14	3	31	1472	582297.33866	10657018.75387
2020	284	14	3	33	1473	582293.40087	10657015.98159
2020	284	14	3	35	1475	582289.52229	10657013.13858
2020	284	14	3	37	1477	582285.70060	10657010.25055
2020	284	14	3	39	1478	582281.83764	10657007.42254
2020	284	14	3	41	1480	582277.89618	10657004.65836
2020	284	14	3	43	1481	582274.06045	10657001.79776
2020	284	14	3	45	1483	582270.16888	10656998.97143
2020	284	14	3	47	1484	582266.26992	10656996.23959
2020	284	14	3	49	1486	582262.52057	10656993.38493
2020	284	14	3	51	1487	582258.80938	10656990.48959
2020	284	14	3	53	1489	582255.08491	10656987.60952
2020	284	14	3	55	1490	582251.34602	10656984.73893
2020	284	14	3	57	1492	582247.70046	10656981.81898
2020	284	14	3	59	1493	582243.95257	10656978.95261
2020	284	14	4	1	1495	582240.18763	10656976.11125
2020	284	14	4	3	1496	582236.46105	10656973.26245
2020	284	14	4	5	1498	582232.71549	10656970.52763
2020	284	14	4	7	1499	582228.87149	10656967.81093
2020	284	14	4	9	1501	582225.03039	10656965.07490
2020	284	14	4	11	1502	582221.14491	10656962.42851
2020	284	14	4	13	1504	582217.20085	10656959.91817
2020	284	14	4	15	1505	582213.14166	10656957.41787
2020	284	14	4	17	1507	582209.06496	10656954.99868
2020	284	14	4	19	1508	582204.85475	10656952.77065
2020	284	14	4	21	1510	582200.66053	10656950.52005
2020	284	14	4	23	1511	582196.56587	10656948.16170
2020	284	14	4	25	1513	582192.43514	10656945.87922
2020	284	14	4	27	1514	582188.30089	10656943.61046
2020	284	14	4	29	1516	582184.28740	10656941.20564
2020	284	14	4	31	1517	582180.26274	10656938.83605
2020	284	14	4	33	1519	582176.15826	10656936.55391
2020	284	14	4	35	1520	582172.01771	10656934.24388
2020	284	14	4	37	1522	582167.92274	10656931.89268
2020	284	14	4	39	1523	582163.91244	10656929.45985
2020	284	14	4	41	1525	582159.91936	10656926.95491
2020	284	14	4	43	1526	582155.89692	10656924.43146
2020	284	14	4	45	1528	582151.84123	10656921.84984
2020	284	14	4	47	1529	582147.87439	10656919.19899
2020	284	14	4	49	1531	582143.85611	10656916.62250
2020	284	14	4	51	1533	582139.79386	10656914.05588
2020	284	14	4	53	1534	582135.78552	10656911.51410
2020	284	14	4	55	1536	582131.87424	10656908.87398
2020	284	14	4	57	1537	582127.92515	10656906.33396
2020	284	14	4	59	1539	582123.98819	10656903.67805
2020	284	14	5	1	1540	582120.05302	10656901.06257
2020	284	14	5	3	1542	582116.13111	10656898.46133
2020	284	14	5	5	1543	582112.20311	10656895.82206
2020	284	14	5	7	1545	582108.35452	10656893.13471
2020	284	14	5	9	1546	582104.38856	10656890.45892
2020	284	14	5	11	1548	582100.45196	10656887.80535
2020	284	14	5	13	1549	582096.54693	10656885.08974
2020	284	14	5	15	1551	582092.54610	10656882.46365
2020	284	14	5	17	1552	582088.47880	10656879.86644
2020	284	14	5	19	1554	582084.39337	10656877.32384
2020	284	14	5	21	1555	582080.40407	10656874.73081
2020	284	14	5	23	1557	582076.27898	10656872.20716
2020	284	14	5	25	1558	582072.13098	10656869.68546
2020	284	14	5	27	1560	582068.05939	10656867.18155
2020	284	14	5	29	1562	582063.91906	10656864.68481
2020	284	14	5	31	1563	582059.77405	10656862.14563
2020	284	14	5	33	1565	582055.55016	10656859.76160
2020	284	14	5	35	1566	582051.40559	10656857.26524
2020	284	14	5	37	1568	582047.35802	10656854.68728
2020	284	14	5	39	1569	582043.21286	10656852.16955
2020	284	14	5	41	1571	582039.05200	10656849.70823
2020	284	14	5	43	1572	582034.99237	10656847.13306
2020	284	14	5	45	1574	582031.02116	10656844.50596
2020	284	14	5	47	1575	582026.89089	10656842.06334
2020	284	14	5	49	1577	582022.75331	10656839.52024
2020	284	14	5	51	1579	582018.72783	10656836.86409
2020	284	14	5	53	1580	582014.60155	10656834.43046
2020	284	14	5	55	1582	582010.42069	10656831.97492
2020	284	14	5	57	1583	582006.23580	10656829.46973
2020	284	14	5	59	1585	582002.11198	10656826.96199
2020	284	14	6	1	1586	581997.80998	10656824.61403
2020	284	14	6	3	1588	581993.48540	10656822.20372
2020	284	14	6	5	1589	581989.20421	10656819.75838
2020	284	14	6	7	1591	581984.88120	10656817.43120
2020	284	14	6	9	1593	581980.52021	10656815.14003
2020	284	14	6	11	1594	581976.24345	10656812.70250
2020	284	14	6	13	1596	581972.00683	10656810.30187
2020	284	14	6	15	1597	581967.71187	10656807.95730
2020	284	14	6	17	1599	581963.49221	10656805.53489
2020	284	14	6	19	1600	581959.27605	10656803.00427
2020	284	14	6	21	1602	581955.10767	10656800.47021
2020	284	14	6	23	1604	581950.95502	10656797.91172
2020	284	14	6	25	1605	581946.98652	10656795.16361
2020	284	14	6	27	1607	581943.03057	10656792.31724
2020	284	14	6	29	1608	581939.02727	10656789.48397
2020	284	14	6	31	1610	581935.05326	10656786.62339
2020	284	14	6	33	1611	581931.19437	10656783.70896
2020	284	14	6	35	1613	581927.21903	10656780.77204
2020	284	14	6	37	1615	581923.16649	10656778.00397
2020	284	14	6	39	1616	581919.16164	10656775.12770
2020	284	14	6	41	1618	581915.26697	10656772.22912
2020	284	14	6	43	1619	581911.18473	10656769.36137
2020	284	14	6	45	1621	581907.06159	10656766.62792
2020	284	14	6	47	1622	581903.09509	10656763.76062
2020	284	14	6	49	1624	581899.08618	10656760.89657
2020	284	14	6	51	1626	581894.98658	10656758.13500
2020	284	14	6	53	1627	581890.91500	10656755.31675
2020	284	14	6	55	1629	581887.03293	10656752.36025
2020	284	14	6	57	1630	581883.18109	10656749.46830
2020	284	14	6	59	1632	581879.17417	10656746.53441
2020	284	14	7	1	1633	581875.12694	10656743.68342
2020	284	14	7	3	1635	581871.18327	10656740.79039
2020	284	14	7	5	1637	581867.22367	10656737.89949
2020	284	14	7	7	1638	581863.17710	10656735.08233
2020	284	14	7	9	1640	581859.15712	10656732.24952
2020	284	14	7	11	1641	581855.21712	10656729.39601
2020	284	14	7	13	1643	581851.31367	10656726.48020
2020	284	14	7	15	1644	581847.35316	10656723.61800
2020	284	14	7	17	1646	581843.38960	10656720.85176
2020	284	14	7	19	1647	581839.42207	10656718.04506
2020	284	14	7	21	1649	581835.37402	10656715.27042
2020	284	14	7	23	1651	581831.38353	10656712.60472
2020	284	14	7	25	1652	581827.29938	10656709.94529
2020	284	14	7	27	1654	581823.15387	10656707.37407
2020	284	14	7	29	1655	581818.99403	10656704.75813
2020	284	14	7	31	1657	581814.97364	10656702.14490
2020	284	14	7	33	1658	581810.85375	10656699.49940
2020	284	14	7	35	1660	581806.72571	10656696.86033
2020	284	14	7	37	1661	581802.75711	10656694.11268
2020	284	14	7	39	1663	581798.83256	10656691.32235
2020	284	14	7	41	1665	581794.75527	10656688.56311
2020	284	14	7	43	1666	581790.76007	10656685.78174
2020	284	14	7	45	1668	581786.92467	10656682.91476
2020	284	14	7	47	1669	581783.07450	10656680.04486
2020	284	14	7	49	1671	581779.15651	10656677.18097
2020	284	14	7	51	1672	581775.45699	10656674.09606
2020	284	14	7	53	1674	581771.84710	10656671.06216
2020	284	14	7	55	1675	581768.04556	10656668.12379
2020	284	14	7	57	1677	581764.24448	10656665.14830
2020	284	14	7	59	1678	581760.42985	10656662.18346
2020	284	14	8	1	1680	581756.59610	10656659.34986
2020	284	14	8	3	1682	581752.59289	10656656.55496
2020	284	14	8	5	1683	581748.62863	10656653.74502
2020	284	14	8	7	1685	581744.76585	10656650.97675
2020	284	14	8	9	1686	581740.67069	10656648.26271
2020	284	14	8	11	1688	581736.64445	10656645.55589
2020	284	14	8	13	1689	581732.53181	10656642.97113
2020	284	14	8	15	1691	581728.33716	10656640.48996
2020	284	14	8	17	1692	581724.07100	10656638.01513
2020	284	14	8	19	1694	581719.84932	10656635.49124
2020	284	14	8	21	1696	581715.64660	10656633.05306
2020	284	14	8	23	1697	581711.39368	10656630.68231
2020	284	14	8	25	1699	581707.26400	10656628.08950
2020	284	14	8	27	1700	581703.20506	10656625.56027
2020	284	14	8	29	1702	581699.10100	10656623.12637
2020	284	14	8	31	1703	581694.93784	10656620.59000
2020	284	14	8	33	1705	581690.87877	10656617.95173
2020	284	14	8	35	1706	581686.87587	10656615.31788
2020	284	14	8	37	1708	581682.84268	10656612.71802
2020	284	14	8	39	1709	581678.76483	10656610.03453
2020	284	14	8	41	1711	581674.82517	10656607.21462
2020	284	14	8	43	1713	581670.94183	10656604.43665
2020	284	14	8	45	1714	581666.91040	10656601.74785
2020	284	14	8	47	1716	581662.87998	10656598.98581
2020	284	14	8	49	1717	581658.96955	10656596.18994
2020	284	14	8	51	1719	581655.00353	10656593.48153
2020	284	14	8	53	1720	581650.91533	10656590.91184
2020	284	14	8	55	1722	581646.88177	10656588.29703
2020	284	14	8	57	1723	581642.88297	10656585.66511
2020	284	14	8	59	1725	581638.77632	10656583.11413
2020	284	14	9	1	1726	581634.73982	10656580.56245
2020	284	14	9	3	1728	581630.68669	10656578.04179
2020	284	14	9	5	1729	581626.56704	10656575.61359
2020	284	14	9	7	1731	581622.49645	10656573.09218
2020	284	14	9	9	1733	581618.42797	10656570.63813
2020	284	14	9	11	1734	581614.22568	10656568.28937
2020	284	14	9	13	1736	581609.97152	10656565.99220
2020	284	14	9	15	1737	581605.90252	10656563.43356
2020	284	14	9	17	1739	581601.78359	10656560.99267
2020	284	14	9	19	1740	581597.46658	10656558.79724
2020	284	14	9	21	1742	581593.28066	10656556.32086
2020	284	14	9	23	1743	581589.16949	10656553.81257
2020	284	14	9	25	1745	581584.87232	10656551.58044
2020	284	14	9	27	1746	581580.54938	10656549.40985
2020	284	14	9	29	1748	581576.37419	10656547.00145
2020	284	14	9	31	1749	581572.14857	10656544.71204
2020	284	14	9	33	1751	581567.84195	10656542.56946
2020	284	14	9	35	1753	581563.66578	10656540.21651
2020	284	14	9	37	1754	581559.55509	10656537.75219
2020	284	14	9	39	1756	581555.42941	10656535.32615
2020	284	14	9	41	1757	581551.30292	10656532.88528
2020	284	14	9	43	1759	581547.25757	10656530.35467
2020	284	14	9	45	1760	581543.25037	10656527.76349
2020	284	14	9	47	1762	581539.20900	10656525.23364
2020	284	14	9	49	1763	581535.17957	10656522.79671
2020	284	14	9	51	1765	581531.19564	10656520.28333
2020	284	14	9	53	1766	581527.21697	10656517.67987
2020	284	14	9	55	1768	581523.15687	10656515.21486
2020	284	14	9	57	1769	581519.12026	10656512.79149
2020	284	14	9	59	1771	581515.09624	10656510.23980
2020	284	14	10	1	1772	581511.05145	10656507.69070
2020	284	14	10	3	1774	581506.80611	10656505.32259
2020	284	14	10	5	1775	581502.63158	10656502.90558
2020	284	14	10	7	1777	581498.52316	10656500.47633
2020	284	14	10	9	1779	581494.31336	10656498.17437
2020	284	14	10	11	1780	581490.01715	10656495.93432
2020	284	14	10	13	1782	581485.77250	10656493.64452
2020	284	14	10	15	1783	581481.57934	10656491.34136
2020	284	14	10	17	1785	581477.31722	10656489.11142
2020	284	14	10	19	1786	581473.06597	10656486.84554
2020	284	14	10	21	1788	581468.86971	10656484.59122
2020	284	14	10	23	1789	581464.69943	10656482.20878
2020	284	14	10	25	1791	581460.61680	10656479.70776
2020	284	14	10	27	1792	581456.48765	10656477.30701
2020	284	14	10	29	1794	581452.45874	10656474.68746
2020	284	14	10	31	1795	581448.50690	10656471.84576
2020	284	14	10	33	1797	581444.60609	10656469.07759
2020	284	14	10	35	1799	581440.71846	10656466.31435
2020	284	14	10	37	1800	581436.90276	10656463.36780
2020	284	14	10	39	1802	581433.14803	10656460.34188
2020	284	14	10	41	1803	581429.44054	10656457.33362
2020	284	14	10	43	1805	581425.77271	10656454.28182
2020	284	14	10	45	1806	581422.11493	10656451.15342
2020	284	14	10	47	1808	581418.44432	10656448.06226
2020	284	14	10	49	1809	581414.77396	10656445.02893
2020	284	14	10	51	1811	581411.07206	10656442.06593
2020	284	14	10	53	1812	581407.30052	10656439.11419
2020	284	14	10	55	1814	581403.52827	10656436.15045
2020	284	14	10	57	1815	581399.74447	10656433.33932
2020	284	14	10	59	1817	581395.96285	10656430.49978
2020	284	14	11	1	1818	581392.21378	10656427.58229
2020	284	14	11	3	1820	581388.40993	10656424.78354
2020	284	14	11	5	1821	581384.59282	10656422.03220
2020	284	14	11	7	1823	581380.70016	10656419.29025
2020	284	14	11	9	1824	581376.80302	10656416.55770
2020	284	14	11	11	1826	581372.93632	10656413.94316
2020	284	14	11	13	1827	581368.98308	10656411.43196
2020	284	14	11	15	1829	581364.94781	10656408.89206
2020	284	14	11	17	1830	581360.94226	10656406.38747
2020	284	14	11	19	1832	581357.03096	10656403.89065
2020	284	14	11	21	1833	581353.06734	10656401.37519
2020	284	14	11	23	1835	581349.00031	10656398.86128
2020	284	14	11	25	1837	581345.06015	10656396.16887
2020	284	14	11	27	1838	581341.25276	10656393.54399
2020	284	14	11	29	1840	581337.31876	10656390.99868
2020	284	14	11	31	1841	581333.36747	10656388.39654
2020	284	14	11	33	1843	581329.59351	10656385.63400
2020	284	14	11	35	1844	581325.72142	10656382.99448
2020	284	14	11	37	1846	581321.73946	10656380.39885
2020	284	14	11	39	1847	581317.83674	10656377.60575
2020	284	14	11	41	1849	581314.02837	10656374.84836
2020	284	14	11	43	1850	581310.10718	10656372.15712
2020	284	14	11	45	1852	581306.19581	10656369.38888
2020	284	14	11	47	1853	581302.43967	10656366.49801
2020	284	14	11	49	1855	581298.63015	10656363.68621
2020	284	14	11	51	1856	581294.71970	10656360.99709
2020	284	14	11	53	1858	581290.81940	10656358.14855
2020	284	14	11	55	1859	581286.97469	10656355.33758
2020	284	14	11	57	1861	581283.04076	10656352.71937
2020	284	14	11	59	1862	581279.07232	10656350.08353
2020	284	14	12	1	1864	581275.30113	10656347.22758
2020	284	14	12	3	1865	581271.46801	10656344.48517
2020	284	14	12	5	1867	581267.46282	10656341.93898
2020	284	14	12	7	1868	581263.60439	10656339.27441
2020	284	14	12	9	1870	581259.79487	10656336.53466
2020	284	14	12	11	1871	581255.83264	10656333.97159
2020	284	14	12	13	1873	581251.80269	10656331.47362
2020	284	14	12	15	1874	581247.92022	10656328.80306
2020	284	14	12	17	1876	581244.08497	10656326.21781
2020	284	14	12	19	1877	581239.95262	10656323.76572
2020	284	14	12	21	1879	581235.80971	10656321.35376
2020	284	14	12	23	1880	581231.71195	10656318.91623
2020	284	14	12	25	1882	581227.57171	10656316.61272
2020	284	14	12	27	1883	581223.36684	10656314.40671
2020	284	14	12	29	1885	581219.10960	10656312.11483
2020	284	14	12	31	1887	581214.88204	10656309.94806
2020	284	14	12	33	1888	581210.70275	10656307.78471
2020	284	14	12	35	1890	581206.50722	10656305.60052
2020	284	14	12	37	1891	581202.27185	10656303.44400
2020	284	14	12	39	1893	581197.96539	10656301.34005
2020	284	14	12	41	1894	581193.81038	10656299.08379
2020	284	14	12	43	1896	581189.65082	10656296.84127
2020	284	14	12	45	1897	581185.42628	10656294.66306
2020	284	14	12	47	1899	581181.32909	10656292.42963
2020	284	14	12	49	1900	581177.30580	10656289.98877
2020	284	14	12	51	1902	581173.21736	10656287.66005
2020	284	14	12	53	1903	581169.11087	10656285.29882
2020	284	14	12	55	1905	581165.08191	10656282.82507
2020	284	14	12	57	1906	581161.05259	10656280.28293
2020	284	14	12	59	1908	581156.99606	10656277.83813
2020	284	14	13	1	1909	581152.96551	10656275.34873
2020	284	14	13	3	1911	581148.98104	10656272.80012
2020	284	14	13	5	1912	581144.97935	10656270.27577
2020	284	14	13	7	1914	581140.92508	10656267.77382
2020	284	14	13	9	1915	581136.83265	10656265.33635
2020	284	14	13	11	1917	581132.67064	10656262.96797
2020	284	14	13	13	1918	581128.53514	10656260.60133
2020	284	14	13	15	1920	581124.37140	10656258.25698
2020	284	14	13	17	1921	581120.28649	10656255.85495
2020	284	14	13	19	1923	581116.25923	10656253.38169
2020	284	14	13	21	1924	581112.29272	10656250.78878
2020	284	14	13	23	1926	581108.37549	10656248.13710
2020	284	14	13	25	1928	581104.43636	10656245.55226
2020	284	14	13	27	1929	581100.49909	10656242.91341
2020	284	14	13	29	1931	581096.57136	10656240.24970
2020	284	14	13	31	1932	581092.62919	10656237.60751
2020	284	14	13	33	1934	581088.63802	10656235.07568
2020	284	14	13	35	1935	581084.72790	10656232.35396
2020	284	14	13	37	1937	581080.98924	10656229.54646
2020	284	14	13	39	1938	581077.06571	10656226.95599
2020	284	14	13	41	1940	581073.11749	10656224.28088
2020	284	14	13	43	1941	581069.32159	10656221.44645
2020	284	14	13	45	1943	581065.52254	10656218.69592
2020	284	14	13	47	1944	581061.46385	10656216.15775
2020	284	14	13	49	1946	581057.49308	10656213.47774
2020	284	14	13	51	1947	581053.66940	10656210.72427
2020	284	14	13	53	1949	581049.69969	10656208.21414
2020	284	14	13	55	1950	581045.73486	10656205.58464
2020	284	14	13	57	1952	581041.98044	10656202.85200
2020	284	14	13	59	1953	581038.11056	10656200.23089
2020	284	14	14	1	1955	581034.14564	10656197.69281
2020	284	14	14	3	1956	581030.27040	10656195.04041
2020	284	14	14	5	1958	581026.39460	10656192.38670
2020	284	14	14	7	1959	581022.41967	10656189.87450
2020	284	14	14	9	1961	581018.40916	10656187.34228
2020	284	14	14	11	1962	581014.46525	10656184.74820
2020	284	14	14	13	1964	581010.55419	10656182.22188
2020	284	14	14	15	1965	581006.55691	10656179.71354
2020	284	14	14	17	1967	581002.57015	10656177.21452
2020	284	14	14	19	1968	580998.54092	10656174.72700
2020	284	14	14	21	1970	580994.65492	10656172.10423
2020	284	14	14	23	1971	580990.69111	10656169.47261
2020	284	14	14	25	1973	580986.72112	10656166.92713
2020	284	14	14	27	1974	580982.82610	10656164.29531
2020	284	14	14	29	1976	580979.04703	10656161.58924
2020	284	14	14	31	1977	580975.12450	10656159.01164
2020	284	14	14	33	1979	580971.13003	10656156.49381
2020	284	14	14	35	1980	580967.29460	10656153.89602
2020	284	14	14	37	1982	580963.37440	10656151.33052
2020	284	14	14	39	1983	580959.38354	10656148.79239
2020	284	14	14	41	1985	580955.42448	10656146.26760
2020	284	14	14	43	1986	580951.63180	10656143.59534
2020	284	14	14	45	1988	580947.76471	10656140.95534
2020	284	14	14	47	1989	580943.95018	10656138.26837
2020	284	14	14	49	1991	580940.14558	10656135.56583
2020	284	14	14	51	1992	580936.33955	10656132.82693
2020	284	14	14	53	1994	580932.51147	10656130.09755
2020	284	14	14	55	1995	580928.63591	10656127.42657
2020	284	14	14	57	1997	580924.81176	10656124.68487
2020	284	14	14	59	1998	580920.95690	10656121.97907
2020	284	14	15	1	2000	580917.12897	10656119.27820
2020	284	14	15	3	2001	580913.33766	10656116.48757
2020	284	14	15	5	2003	580909.50920	10656113.73856
2020	284	14	15	7	2004	580905.64283	10656111.01285
2020	284	14	15	9	2006	580901.77145	10656108.27521
2020	284	14	15	11	2007	580897.98101	10656105.49693
2020	284	14	15	13	2009	580894.22421	10656102.76245
2020	284	14	15	15	2010	580890.38605	10656099.99577
2020	284	14	15	17	2012	580886.63409	10656097.19686
2020	284	14	15	19	2013	580882.92486	10656094.34989
2020	284	14	15	21	2015	580879.06560	10656091.57046
2020	284	14	15	23	2016	580875.05873	10656088.88767
2020	284	14	15	25	2018	580871.12740	10656086.28518
2020	284	14	15	27	2019	580867.21031	10656083.72537
2020	284	14	15	29	2021	580863.20519	10656081.21824
2020	284	14	15	31	2022	580859.21485	10656078.81004
2020	284	14	15	33	2024	580855.28686	10656076.33172
2020	284	14	15	35	2025	580851.35469	10656073.86586
2020	284	14	15	37	2027	580847.40062	10656071.42381
2020	284	14	15	39	2028	580843.37543	10656069.00096
2020	284	14	15	41	2030	580839.38882	10656066.66824
2020	284	14	15	43	2031	580835.44169	10656064.28637
2020	284	14	15	45	2033	580831.46923	10656061.91700
2020	284	14	15	47	2034	580827.51083	10656059.59526
2020	284	14	15	49	2036	580823.53334	10656057.21875
2020	284	14	15	51	2037	580819.59429	10656054.87939
2020	284	14	15	53	2039	580815.62779	10656052.57521
2020	284	14	15	55	2040	580811.61013	10656050.26285
2020	284	14	15	57	2042	580807.55170	10656047.99393
2020	284	14	15	59	2043	580803.46725	10656045.76886
2020	284	14	16	1	2045	580799.45362	10656043.49863
2020	284	14	16	3	2046	580795.47803	10656041.07696
2020	284	14	16	5	2048	580791.42860	10656038.69569
2020	284	14	16	7	2049	580787.42944	10656036.30831
2020	284	14	16	9	2051	580783.51382	10656033.79428
2020	284	14	16	11	2052	580779.54406	10656031.34008
2020	284	14	16	13	2054	580775.55016	10656028.93841
2020	284	14	16	15	2055	580771.56145	10656026.45408
2020	284	14	16	17	2057	580767.64288	10656024.01902
2020	284	14	16	19	2058	580763.69021	10656021.54517
2020	284	14	16	21	2060	580759.76625	10656019.01461
2020	284	14	16	23	2061	580755.85703	10656016.48482
2020	284	14	16	25	2063	580752.10290	10656013.94237
2020	284	14	16	27	2064	580748.24831	10656011.31415
2020	284	14	16	29	2066	580744.35160	10656008.73275
2020	284	14	16	31	2067	580740.48921	10656006.20875
2020	284	14	16	33	2068	580736.64462	10656003.58492
2020	284	14	16	35	2070	580732.67048	10656000.96525
2020	284	14	16	37	2072	580728.69240	10655998.47791
2020	284	14	16	39	2073	580724.75653	10655995.97845
2020	284	14	16	41	2074	580720.80911	10655993.40300
2020	284	14	16	43	2076	580716.77502	10655990.88820
2020	284	14	16	45	2078	580712.68328	10655988.53768
2020	284	14	16	47	2079	580708.63403	10655986.13257
2020	284	14	16	49	2081	580704.60514	10655983.65843
2020	284	14	16	51	2082	580700.52482	10655981.28000
2020	284	14	16	53	2084	580696.56413	10655978.90446
2020	284	14	16	55	2085	580692.66733	10655976.34961
2020	284	14	16	57	2087	580688.78438	10655973.74617
2020	284	14	16	59	2088	580684.91084	10655971.23335
2020	284	14	17	1	2089	580681.12957	10655968.62295
2020	284	14	17	3	2091	580677.37642	10655965.88144
2020	284	14	17	5	2092	580673.56929	10655963.20594
2020	284	14	17	7	2094	580669.80819	10655960.59272
2020	284	14	17	9	2095	580666.17626	10655957.83052
2020	284	14	17	11	2097	580662.46658	10655955.01017
2020	284	14	17	13	2098	580658.72059	10655952.23340
2020	284	14	17	15	2100	580655.02332	10655949.45472
2020	284	14	17	17	2101	580651.35701	10655946.71493
2020	284	14	17	19	2103	580647.54859	10655943.93957
2020	284	14	17	21	2104	580643.72349	10655941.20579
2020	284	14	17	23	2106	580639.94450	10655938.47920
2020	284	14	17	25	2107	580636.08482	10655935.83895
2020	284	14	17	27	2109	580632.18218	10655933.13908
2020	284	14	17	29	2110	580628.33093	10655930.49170
2020	284	14	17	31	2112	580624.42016	10655927.89487
2020	284	14	17	33	2113	580620.49283	10655925.34812
2020	284	14	17	35	2115	580616.72302	10655922.68894
2020	284	14	17	37	2116	580612.89752	10655920.04671
2020	284	14	17	39	2118	580609.03627	10655917.37779
2020	284	14	17	41	2119	580605.22389	10655914.70464
2020	284	14	17	43	2121	580601.44085	10655911.98055
2020	284	14	17	45	2122	580597.48132	10655909.36274
2020	284	14	17	47	2124	580593.62746	10655906.66182
2020	284	14	17	49	2125	580589.77895	10655904.04928
2020	284	14	17	51	2127	580585.86556	10655901.47492
2020	284	14	17	53	2128	580581.96601	10655898.86903
2020	284	14	17	55	2130	580578.12269	10655896.22502
2020	284	14	17	57	2131	580574.10514	10655893.76136
2020	284	14	17	59	2133	580570.09796	10655891.24725
2020	284	14	18	1	2134	580566.26719	10655888.55790
2020	284	14	18	3	2136	580562.38489	10655885.95880
2020	284	14	18	5	2137	580558.29545	10655883.50360
2020	284	14	18	7	2139	580554.52101	10655880.80641
2020	284	14	18	9	2140	580550.75007	10655878.09468
2020	284	14	18	11	2142	580546.69449	10655875.66745
2020	284	14	18	13	2143	580542.60840	10655873.19209
2020	284	14	18	15	2145	580538.74352	10655870.59972
2020	284	14	18	17	2146	580534.79966	10655868.17938
2020	284	14	18	19	2148	580530.66035	10655865.79900
2020	284	14	18	21	2149	580526.69062	10655863.33554
2020	284	14	18	23	2151	580522.85696	10655860.77196
2020	284	14	18	25	2152	580518.88796	10655858.38396
2020	284	14	18	27	2154	580514.87093	10655855.97845
2020	284	14	18	29	2155	580510.88670	10655853.52199
2020	284	14	18	31	2157	580506.90610	10655851.12383
2020	284	14	18	33	2158	580502.77858	10655848.80914
2020	284	14	18	35	2160	580498.69504	10655846.42591
2020	284	14	18	37	2161	580494.61595	10655844.02608
2020	284	14	18	39	2163	580490.43712	10655841.75303
2020	284	14	18	41	2164	580486.25528	10655839.44637
2020	284	14	18	43	2166	580482.16650	10655837.07819
2020	284	14	18	45	2167	580478.02198	10655834.77084
2020	284	14	18	47	2169	580473.82815	10655832.48595
2020	284	14	18	49	2170	580469.77499	10655830.06562
2020	284	14	18	51	2172	580465.77599	10655827.57710
2020	284	14	18	53	2173	580461.65152	10655825.17619
2020	284	14	18	55	2175	580457.60772	10655822.71396
2020	284	14	18	57	2176	580453.63872	10655820.18087
2020	284	14	18	59	2178	580449.61895	10655817.73300
2020	284	14	19	1	2180	580445.63827	10655815.16818
2020	284	14	19	3	2181	580441.76420	10655812.57329
2020	284	14	19	5	2183	580437.84709	10655810.02602
2020	284	14	19	7	2184	580433.83049	10655807.47976
2020	284	14	19	9	2186	580429.96807	10655804.83293
2020	284	14	19	11	2187	580426.06874	10655802.27969
2020	284	14	19	13	2189	580422.01267	10655799.89625
2020	284	14	19	15	2190	580417.96764	10655797.37116
2020	284	14	19	17	2192	580413.98607	10655794.92461
2020	284	14	19	19	2193	580409.88599	10655792.66479
2020	284	14	19	21	2195	580405.68480	10655790.44611
2020	284	14	19	23	2196	580401.49838	10655788.18208
2020	284	14	19	25	2198	580397.28668	10655786.04259
2020	284	14	19	27	2199	580393.01024	10655783.98294
2020	284	14	19	29	2201	580388.79995	10655781.76409
2020	284	14	19	31	2202	580384.68359	10655779.54562
2020	284	14	19	33	2204	580380.54173	10655777.31524
2020	284	14	19	35	2205	580376.41153	10655774.97385
2020	284	14	19	37	2207	580372.40005	10655772.63078
2020	284	14	19	39	2208	580368.29824	10655770.23774
2020	284	14	19	41	2210	580364.10698	10655767.85851
2020	284	14	19	43	2211	580360.01358	10655765.31994
2020	284	14	19	45	2213	580356.08972	10655762.84311
2020	284	14	19	47	2214	580352.07031	10655760.29259
2020	284	14	19	49	2216	580347.99488	10655757.70217
2020	284	14	19	51	2217	580344.29358	10655754.88657
2020	284	14	19	53	2219	580340.48844	10655752.16805
2020	284	14	19	55	2220	580336.60076	10655749.32858
2020	284	14	19	57	2222	580332.81137	10655746.44174
2020	284	14	19	59	2223	580329.11605	10655743.49977
2020	284	14	20	1	2225	580325.21967	10655740.73969
2020	284	14	20	3	2226	580321.31769	10655737.94883
2020	284	14	20	5	2228	580317.49588	10655735.07493
2020	284	14	20	7	2230	580313.61919	10655732.29882
2020	284	14	20	9	2231	580309.68003	10655729.54585
2020	284	14	20	11	2233	580305.83540	10655726.68248
2020	284	14	20	13	2234	580302.09808	10655723.78105
2020	284	14	20	15	2236	580298.22159	10655721.00661
2020	284	14	20	17	2237	580294.38078	10655718.23008
2020	284	14	20	19	2239	580290.59857	10655715.33183
2020	284	14	20	21	2240	580286.78808	10655712.54672
2020	284	14	20	23	2242	580282.93648	10655709.80936
2020	284	14	20	25	2243	580278.97755	10655707.09759
2020	284	14	20	27	2245	580275.08339	10655704.41125
2020	284	14	20	29	2246	580271.06718	10655701.76879
2020	284	14	20	31	2248	580267.10378	10655699.17625
2020	284	14	20	33	2249	580263.08915	10655696.56615
2020	284	14	20	35	2251	580259.06837	10655693.94346
2020	284	14	20	37	2252	580255.16166	10655691.22446
2020	284	14	20	39	2254	580251.25527	10655688.57034
2020	284	14	20	41	2255	580247.21475	10655685.93219
2020	284	14	20	43	2257	580243.25127	10655683.25149
2020	284	14	20	45	2258	580239.32370	10655680.55496
2020	284	14	20	47	2260	580235.33158	10655677.86366
2020	284	14	20	49	2262	580231.26636	10655675.23502
2020	284	14	20	51	2263	580227.32602	10655672.53699
2020	284	14	20	53	2265	580223.40284	10655669.81128
2020	284	14	20	55	2266	580219.40378	10655667.18404
2020	284	14	20	57	2268	580215.39878	10655664.58485
2020	284	14	20	59	2269	580211.43604	10655661.99377
2020	284	14	21	1	2271	580207.53624	10655659.29115
2020	284	14	21	3	2272	580203.63477	10655656.61092
2020	284	14	21	5	2274	580199.70771	10655653.90626
2020	284	14	21	7	2275	580195.90301	10655651.12361
2020	284	14	21	9	2277	580192.08308	10655648.28265
2020	284	14	21	11	2278	580188.25348	10655645.46403
2020	284	14	21	13	2280	580184.26910	10655642.79446
2020	284	14	21	15	2281	580180.26653	10655640.15462
2020	284	14	21	17	2283	580176.31562	10655637.46364
2020	284	14	21	19	2284	580172.14264	10655634.97116
2020	284	14	21	21	2286	580167.96926	10655632.52844
2020	284	14	21	23	2288	580163.93496	10655629.94565
2020	284	14	21	25	2289	580159.88809	10655627.38671
2020	284	14	21	27	2291	580155.70744	10655624.89293
2020	284	14	21	29	2292	580151.67142	10655622.26595
2020	284	14	21	31	2294	580147.69692	10655619.63792
2020	284	14	21	33	2295	580143.56447	10655617.07777
2020	284	14	21	35	2297	580139.45462	10655614.42995
2020	284	14	21	37	2298	580135.38219	10655611.78329
2020	284	14	21	39	2300	580131.31206	10655609.16415
2020	284	14	21	41	2301	580127.21379	10655606.57551
2020	284	14	21	43	2303	580123.07458	10655603.98496
2020	284	14	21	45	2305	580119.02730	10655601.37399
2020	284	14	21	47	2306	580115.10217	10655598.65911
2020	284	14	21	49	2308	580111.13564	10655596.01478
2020	284	14	21	51	2309	580107.05789	10655593.40135
2020	284	14	21	53	2311	580103.07481	10655590.58900
2020	284	14	21	55	2312	580099.07071	10655587.88176
2020	284	14	21	57	2314	580094.99819	10655585.32486
2020	284	14	21	59	2315	580090.91923	10655582.74529
2020	284	14	22	1	2317	580086.75399	10655580.19105
2020	284	14	22	3	2318	580082.66804	10655577.70224
2020	284	14	22	5	2320	580078.59467	10655575.24066
2020	284	14	22	7	2322	580074.49671	10655572.68891
2020	284	14	22	9	2323	580070.37164	10655570.16792
2020	284	14	22	11	2325	580066.27953	10655567.64346
2020	284	14	22	13	2326	580062.34630	10655564.96092
2020	284	14	22	15	2328	580058.27669	10655562.38727
2020	284	14	22	17	2329	580054.18268	10655559.84939
2020	284	14	22	19	2331	580050.11066	10655557.29460
2020	284	14	22	21	2332	580046.07317	10655554.78967
2020	284	14	22	23	2334	580042.03050	10655552.23887
2020	284	14	22	25	2335	580037.98203	10655549.67508
2020	284	14	22	27	2337	580033.90247	10655547.15288
2020	284	14	22	29	2338	580029.91015	10655544.51502
2020	284	14	22	31	2340	580025.94371	10655541.84439
2020	284	14	22	33	2341	580021.95186	10655539.17030
2020	284	14	22	35	2343	580017.91827	10655536.54110
2020	284	14	22	37	2345	580013.97126	10655533.83641
2020	284	14	22	39	2346	580010.05234	10655531.10650
2020	284	14	22	41	2348	580006.07842	10655528.44769
2020	284	14	22	43	2349	580002.07533	10655525.77674
2020	284	14	22	45	2351	579998.11132	10655523.07804
2020	284	14	22	47	2352	579994.05672	10655520.55145
2020	284	14	22	49	2354	579990.01861	10655517.89284
2020	284	14	22	51	2355	579985.95292	10655515.35972
2020	284	14	22	53	2357	579981.87622	10655512.86931
2020	284	14	22	55	2358	579977.78751	10655510.39786
2020	284	14	22	57	2360	579973.79435	10655507.81768
2020	284	14	22	59	2361	579969.80485	10655505.28633
2020	284	14	23	1	2363	579965.72419	10655502.86633
2020	284	14	23	3	2364	579961.65849	10655500.33523
2020	284	14	23	5	2366	579957.72374	10655497.71313
2020	284	14	23	7	2367	579953.67231	10655495.19293
2020	284	14	23	9	2369	579949.55245	10655492.75626
2020	284	14	23	11	2371	579945.56310	10655490.11100
2020	284	14	23	13	2372	579941.56065	10655487.50483
2020	284	14	23	15	2374	579937.54323	10655484.94835
2020	284	14	23	17	2375	579933.45782	10655482.41025
2020	284	14	23	19	2377	579929.42429	10655479.89086
2020	284	14	23	21	2378	579925.39969	10655477.35735
2020	284	14	23	23	2380	579921.21905	10655474.99934
2020	284	14	23	25	2381	579917.07555	10655472.63070
2020	284	14	23	27	2383	579912.94645	10655470.22988
2020	284	14	23	29	2384	579908.92171	10655467.77076
2020	284	14	23	31	2386	579904.76401	10655465.26217
2020	284	14	23	33	2387	579900.71072	10655462.78437
2020	284	14	23	35	2389	579896.80276	10655460.15758
2020	284	14	23	37	2390	579892.80160	10655457.56018
2020	284	14	23	39	2392	579888.76081	10655454.97851
2020	284	14	23	41	2393	579884.76773	10655452.31268
2020	284	14	23	43	2395	579880.85641	10655449.68241
2020	284	14	23	45	2396	579876.83487	10655447.10665
2020	284	14	23	47	2398	579872.79348	10655444.45658
2020	284	14	23	49	2400	579868.89982	10655441.72390
2020	284	14	23	51	2401	579864.96782	10655439.10827
2020	284	14	23	53	2403	579860.94599	10655436.46935
2020	284	14	23	55	2404	579856.98503	10655433.77493
2020	284	14	23	57	2406	579853.11765	10655431.06566
2020	284	14	23	59	2407	579849.11886	10655428.50821
2020	284	14	24	1	2409	579845.07998	10655425.94486
2020	284	14	24	3	2410	579841.10098	10655423.31682
2020	284	14	24	5	2412	579837.09122	10655420.73454
2020	284	14	24	7	2413	579832.99650	10655418.27850
2020	284	14	24	9	2415	579828.91178	10655415.72462
2020	284	14	24	11	2416	579824.89832	10655413.10234
2020	284	14	24	13	2418	579820.85567	10655410.55594
2020	284	14	24	15	2419	579816.88065	10655407.95195
2020	284	14	24	17	2421	579812.84145	10655405.41668
2020	284	14	24	19	2422	579808.88493	10655402.78857
2020	284	14	24	21	2424	579804.88719	10655400.18897
2020	284	14	24	23	2426	579800.81968	10655397.67025
2020	284	14	24	25	2427	579796.76583	10655395.08681
2020	284	14	24	27	2429	579792.80340	10655392.42398
2020	284	14	24	29	2430	579788.76634	10655389.89021
2020	284	14	24	31	2432	579784.76662	10655387.24009
2020	284	14	24	33	2433	579780.80513	10655384.53859
2020	284	14	24	35	2435	579776.84136	10655381.86902
2020	284	14	24	37	2436	579772.79131	10655379.30426
2020	284	14	24	39	2438	579768.81882	10655376.65457
2020	284	14	24	41	2439	579764.81949	10655374.07814
2020	284	14	24	43	2441	579760.70575	10655371.62306
2020	284	14	24	45	2442	579756.61132	10655369.16263
2020	284	14	24	47	2444	579752.62093	10655366.59332
2020	284	14	24	49	2445	579748.59556	10655364.09493
2020	284	14	24	51	2447	579744.53720	10655361.59127
2020	284	14	24	53	2448	579740.56101	10655358.99058
2020	284	14	24	55	2450	579736.60246	10655356.32603
2020	284	14	24	57	2451	579732.62399	10655353.81761
2020	284	14	24	59	2453	579728.58509	10655351.23608
2020	284	14	25	1	2455	579724.61813	10655348.56824
2020	284	14	25	3	2456	579720.45421	10655346.02965
2020	284	14	25	5	2458	579716.28161	10655343.56965
2020	284	14	25	7	2459	579712.19342	10655341.02915
2020	284	14	25	9	2461	579708.07864	10655338.43790
2020	284	14	25	11	2462	579703.88528	10655335.94801
2020	284	14	25	13	2464	579699.81589	10655333.36252
2020	284	14	25	15	2465	579695.71610	10655330.85630
2020	284	14	25	17	2467	579691.58097	10655328.34990
2020	284	14	25	19	2468	579687.45766	10655325.85596
2020	284	14	25	21	2470	579683.38181	10655323.33736
2020	284	14	25	23	2472	579679.29906	10655320.76237
2020	284	14	25	25	2473	579675.24765	10655318.16724
2020	284	14	25	27	2475	579671.36972	10655315.35809
2020	284	14	25	29	2476	579667.43372	10655312.62556
2020	284	14	25	31	2478	579663.41658	10655309.93612
2020	284	14	25	33	2479	579659.33640	10655307.28712
2020	284	14	25	35	2481	579655.35525	10655304.52795
2020	284	14	25	37	2482	579651.33149	10655301.90480
2020	284	14	25	39	2484	579647.15045	10655299.41102
2020	284	14	25	41	2485	579643.05125	10655296.81302
2020	284	14	25	43	2487	579638.99653	10655294.16509
2020	284	14	25	45	2489	579634.91131	10655291.67352
2020	284	14	25	47	2490	579630.68601	10655289.28446
2020	284	14	25	49	2492	579626.58612	10655286.62477
2020	284	14	25	51	2493	579622.49181	10655284.08709
2020	284	14	25	53	2495	579618.36398	10655281.59753
2020	284	14	25	55	2496	579614.31235	10655278.97667
2020	284	14	25	57	2498	579610.27566	10655276.35827
2020	284	14	25	59	2499	579606.14668	10655273.84612
2020	284	14	26	1	2501	579602.01264	10655271.37072
2020	284	14	26	3	2502	579597.91106	10655268.79515
2020	284	14	26	5	2504	579593.74602	10655266.34377
2020	284	14	26	7	2506	579589.54872	10655263.89105
2020	284	14	26	9	2507	579585.48465	10655261.30879
2020	284	14	26	11	2509	579581.38460	10655258.80724
2020	284	14	26	13	2510	579577.27078	10655256.26275
2020	284	14	26	15	2512	579573.26469	10655253.55410
2020	284	14	26	17	2513	579569.13936	10655250.95578
2020	284	14	26	19	2515	579565.06533	10655248.31965
2020	284	14	26	21	2516	579561.04734	10655245.61044
2020	284	14	26	23	2518	579557.02439	10655242.90512
2020	284	14	26	25	2520	579552.85812	10655240.35104
2020	284	14	26	27	2521	579548.80842	10655237.63464
2020	284	14	26	29	2523	579544.80997	10655234.89212
2020	284	14	26	31	2524	579540.66869	10655232.33776
2020	284	14	26	33	2526	579536.57109	10655229.66528
2020	284	14	26	35	2527	579532.59304	10655226.90119
2020	284	14	26	37	2529	579528.58778	10655224.22595
2020	284	14	26	39	2530	579524.53637	10655221.61626
2020	284	14	26	41	2532	579520.51963	10655218.91611
2020	284	14	26	43	2533	579516.65304	10655216.09340
2020	284	14	26	45	2535	579512.60360	10655213.44178
2020	284	14	26	47	2537	579508.53874	10655210.77054
2020	284	14	26	49	2538	579504.54587	10655208.01327
2020	284	14	26	51	2540	579500.61172	10655205.22105
2020	284	14	26	53	2541	579496.55680	10655202.53745
2020	284	14	26	55	2543	579492.44544	10655199.88582
2020	284	14	26	57	2544	579488.42241	10655197.13402
2020	284	14	26	59	2546	579484.39478	10655194.42304
2020	284	14	27	1	2547	579480.23033	10655191.83922
2020	284	14	27	3	2549	579476.03685	10655189.27640
2020	284	14	27	5	2551	579471.86742	10655186.66308
2020	284	14	27	7	2552	579467.72194	10655184.10500
2020	284	14	27	9	2554	579463.50464	10655181.60746
2020	284	14	27	11	2555	579459.34292	10655179.00155
2020	284	14	27	13	2557	579455.24692	10655176.35362
2020	284	14	27	15	2558	579451.09382	10655173.77562
2020	284	14	27	17	2560	579446.97926	10655171.18914
2020	284	14	27	19	2562	579442.89787	10655168.45761
2020	284	14	27	21	2563	579438.80665	10655165.80919
2020	284	14	27	23	2565	579434.68093	10655163.14699
2020	284	14	27	25	2566	579430.67844	10655160.38059
2020	284	14	27	27	2568	579426.64706	10655157.62058
2020	284	14	27	29	2569	579422.56810	10655154.90720
2020	284	14	27	31	2571	579418.64880	10655152.20533
2020	284	14	27	33	2572	579414.63290	10655149.46564
2020	284	14	27	35	2574	579410.47248	10655146.85117
2020	284	14	27	37	2576	579406.36001	10655144.19609
2020	284	14	27	39	2577	579402.28248	10655141.58831
2020	284	14	27	41	2579	579398.17826	10655138.99169
2020	284	14	27	43	2580	579393.89343	10655136.41019
2020	284	14	27	45	2582	579389.78892	10655133.82923
2020	284	14	27	47	2583	579385.75151	10655131.20867
2020	284	14	27	49	2585	579381.66643	10655128.68594
2020	284	14	27	51	2586	579377.50167	10655126.19078
2020	284	14	27	53	2588	579373.37395	10655123.68547
2020	284	14	27	55	2590	579369.32131	10655121.19112
2020	284	14	27	57	2591	579365.21203	10655118.70531
2020	284	14	27	59	2593	579361.11608	10655116.20264
2020	284	14	28	1	2594	579357.09463	10655113.60994
2020	284	14	28	3	2596	579353.04600	10655111.08128
2020	284	14	28	5	2597	579349.05242	10655108.45285
2020	284	14	28	7	2599	579345.00401	10655105.86188
2020	284	14	28	9	2600	579340.88753	10655103.35958
2020	284	14	28	11	2602	579336.85472	10655100.75369
2020	284	14	28	13	2603	579332.86594	10655098.13328
2020	284	14	28	15	2605	579328.90722	10655095.50450
2020	284	14	28	17	2606	579324.94100	10655092.90220
2020	284	14	28	19	2608	579321.10107	10655090.06965
2020	284	14	28	21	2609	579317.29737	10655087.20704
2020	284	14	28	23	2611	579313.35308	10655084.41280
2020	284	14	28	25	2613	579309.52672	10655081.39518
2020	284	14	28	27	2614	579305.75744	10655078.31719
2020	284	14	28	29	2616	579301.90659	10655075.36365
2020	284	14	28	31	2617	579298.01500	10655072.41916
2020	284	14	28	33	2619	579294.13247	10655069.45759
2020	284	14	28	35	2620	579290.24032	10655066.56222
2020	284	14	28	37	2622	579286.25945	10655063.76647
2020	284	14	28	39	2623	579282.33047	10655060.90984
2020	284	14	28	41	2625	579278.41213	10655058.01666
2020	284	14	28	43	2627	579274.40572	10655055.28645
2020	284	14	28	45	2628	579270.58626	10655052.40183
2020	284	14	28	47	2630	579266.86544	10655049.49067
2020	284	14	28	49	2631	579263.04522	10655046.66225
2020	284	14	28	51	2633	579259.18877	10655043.91142
2020	284	14	28	53	2634	579255.46669	10655041.07718
2020	284	14	28	55	2636	579251.80697	10655038.20539
2020	284	14	28	57	2637	579247.91440	10655035.48363
2020	284	14	28	59	2639	579243.98282	10655032.79827
2020	284	14	29	1	2640	579240.26829	10655030.00162
2020	284	14	29	3	2642	579236.45812	10655027.21635
2020	284	14	29	5	2643	579232.50160	10655024.47586
2020	284	14	29	7	2645	579228.49508	10655021.86823
2020	284	14	29	9	2646	579224.60521	10655019.17876
2020	284	14	29	11	2648	579220.53564	10655016.59891
2020	284	14	29	13	2649	579216.34572	10655014.10118
2020	284	14	29	15	2651	579212.19409	10655011.71963
2020	284	14	29	17	2652	579208.11016	10655009.28305
2020	284	14	29	19	2654	579203.96183	10655006.84766
2020	284	14	29	21	2655	579199.74935	10655004.49975
2020	284	14	29	23	2657	579195.64918	10655002.17609
2020	284	14	29	25	2658	579191.66493	10654999.73629
2020	284	14	29	27	2660	579187.62605	10654997.30850
2020	284	14	29	29	2661	579183.62379	10654994.86256
2020	284	14	29	31	2663	579179.68727	10654992.38941
2020	284	14	29	33	2664	579175.91760	10654989.75911
2020	284	14	29	35	2666	579172.04745	10654987.10248
2020	284	14	29	37	2667	579168.14768	10654984.50687
2020	284	14	29	39	2669	579164.31395	10654981.86468
2020	284	14	29	41	2670	579160.53126	10654979.17126
2020	284	14	29	43	2672	579156.71455	10654976.46784
2020	284	14	29	45	2673	579152.76317	10654973.90877
2020	284	14	29	47	2675	579148.86631	10654971.29728
2020	284	14	29	49	2676	579145.07724	10654968.54310
2020	284	14	29	51	2678	579141.24389	10654965.82547
2020	284	14	29	53	2679	579137.31911	10654963.16346
2020	284	14	29	55	2681	579133.40629	10654960.48826
2020	284	14	29	57	2683	579129.64788	10654957.66718
2020	284	14	29	59	2684	579125.80515	10654954.99377
2020	284	14	30	1	2686	579121.91503	10654952.30850
2020	284	14	30	3	2687	579118.02888	10654949.69175
2020	284	14	30	5	2688	579114.21746	10654947.02204
2020	284	14	30	7	2690	579110.39751	10654944.39935
2020	284	14	30	9	2691	579106.49048	10654941.78092
2020	284	14	30	11	2693	579102.66267	10654939.10916
2020	284	14	30	13	2694	579098.94351	10654936.34005
2020	284	14	30	15	2696	579095.29983	10654933.41208
2020	284	14	30	17	2697	579091.60340	10654930.55532
2020	284	14	30	19	2699	579087.89349	10654927.68674
2020	284	14	30	21	2700	579084.17008	10654924.80844
2020	284	14	30	23	2702	579080.36102	10654922.03230
2020	284	14	30	25	2703	579076.40531	10654919.42773
2020	284	14	30	27	2705	579072.42436	10654916.89749
2020	284	14	30	29	2706	579068.41066	10654914.43533
2020	284	14	30	31	2708	579064.40916	10654911.97955
2020	284	14	30	33	2709	579060.37034	10654909.55254
2020	284	14	30	35	2711	579056.32480	10654907.17948
2020	284	14	30	37	2712	579052.31471	10654904.77304
2020	284	14	30	39	2714	579048.42097	10654902.37692
2020	284	14	30	41	2715	579044.41757	10654899.93958
2020	284	14	30	43	2717	579040.44486	10654897.51871
2020	284	14	30	45	2718	579036.51565	10654895.12892
2020	284	14	30	47	2720	579032.52189	10654892.77172
2020	284	14	30	49	2721	579028.43618	10654890.43103
2020	284	14	30	51	2723	579024.32239	10654888.05766
2020	284	14	30	53	2724	579020.19183	10654885.84629
2020	284	14	30	55	2726	579015.92817	10654883.81222
2020	284	14	30	57	2727	579011.70625	10654881.62518
2020	284	14	30	59	2729	579007.49848	10654879.49665
2020	284	14	31	1	2730	579003.26828	10654877.44016
2020	284	14	31	3	2732	578998.99845	10654875.37009
2020	284	14	31	5	2733	578994.85456	10654873.16273
2020	284	14	31	7	2735	578990.76354	10654870.91298
2020	284	14	31	9	2736	578986.62375	10654868.70690
2020	284	14	31	11	2738	578982.52833	10654866.34005
2020	284	14	31	13	2739	578978.54545	10654863.88037
2020	284	14	31	15	2741	578974.58062	10654861.42528
2020	284	14	31	17	2743	578970.61723	10654858.86751
2020	284	14	31	19	2744	578966.66679	10654856.33025
2020	284	14	31	21	2746	578962.76839	10654853.75454
2020	284	14	31	23	2747	578958.86178	10654851.16258
2020	284	14	31	25	2749	578954.96416	10654848.52958
2020	284	14	31	27	2750	578951.09900	10654845.89345
2020	284	14	31	29	2751	578947.32703	10654843.33241
2020	284	14	31	31	2753	578943.49537	10654840.67220
2020	284	14	31	33	2754	578939.60960	10654837.99945
2020	284	14	31	35	2756	578935.76169	10654835.38492
2020	284	14	31	37	2757	578931.83147	10654832.84827
2020	284	14	31	39	2759	578927.85328	10654830.31804
2020	284	14	31	41	2760	578923.86165	10654827.68991
2020	284	14	31	43	2762	578919.87154	10654825.21366
2020	284	14	31	45	2763	578915.87122	10654822.72463
2020	284	14	31	47	2765	578911.89746	10654820.24629
2020	284	14	31	49	2767	578907.84071	10654817.79604
2020	284	14	31	51	2768	578903.76464	10654815.35201
2020	284	14	31	53	2770	578899.60323	10654813.08923
2020	284	14	31	55	2771	578895.41184	10654810.82791
2020	284	14	31	57	2773	578891.21361	10654808.62945
2020	284	14	31	59	2774	578887.12401	10654806.29379
2020	284	14	32	1	2776	578883.02859	10654804.04881
2020	284	14	32	3	2777	578878.92661	10654801.77384
2020	284	14	32	5	2779	578874.92181	10654799.35990
2020	284	14	32	7	2780	578870.93423	10654796.88831
2020	284	14	32	9	2782	578866.93355	10654794.43628
2020	284	14	32	11	2783	578862.91397	10654792.01154
2020	284	14	32	13	2785	578858.95796	10654789.45308
2020	284	14	32	15	2786	578855.04704	10654786.85967
2020	284	14	32	17	2788	578851.07512	10654784.30983
2020	284	14	32	19	2789	578847.13475	10654781.72032
2020	284	14	32	21	2791	578843.14378	10654779.11500
2020	284	14	32	23	2792	578839.10841	10654776.59792
2020	284	14	32	25	2794	578835.03785	10654774.10237
2020	284	14	32	27	2795	578831.11059	10654771.58703
2020	284	14	32	29	2797	578827.10744	10654769.07117
2020	284	14	32	31	2798	578823.12704	10654766.50686
2020	284	14	32	33	2800	578819.19103	10654763.86099
2020	284	14	32	35	2801	578815.32571	10654761.14966
2020	284	14	32	37	2803	578811.43027	10654758.45894
2020	284	14	32	39	2804	578807.47891	10654755.73273
2020	284	14	32	41	2806	578803.55052	10654753.04362
2020	284	14	32	43	2807	578799.59301	10654750.34583
2020	284	14	32	45	2809	578795.75804	10654747.80419
2020	284	14	32	47	2810	578791.79599	10654745.19882
2020	284	14	32	49	2812	578787.78510	10654742.60307
2020	284	14	32	51	2813	578783.81446	10654739.98827
2020	284	14	32	53	2815	578779.82429	10654737.46153
2020	284	14	32	55	2816	578775.79021	10654734.86710
2020	284	14	32	57	2818	578771.74213	10654732.23693
2020	284	14	32	59	2820	578767.72171	10654729.73402
2020	284	14	33	1	2821	578763.62196	10654727.27963
2020	284	14	33	3	2823	578759.52940	10654724.87744
2020	284	14	33	5	2824	578755.41200	10654722.39141
