YEAR	DAY	HOUR	MINUTE	SECOND	CDP	SOU_X	SOU_Y
2020	285	17	43	40	69	634866.51747	10671388.94232
2020	285	17	43	42	70	634870.46981	10671391.45829
2020	285	17	43	44	72	634874.42346	10671394.00976
2020	285	17	43	46	73	634878.34447	10671396.51123
2020	285	17	43	48	75	634882.28904	10671398.99961
2020	285	17	43	50	76	634886.20633	10671401.49518
2020	285	17	43	52	78	634890.09236	10671404.00166
2020	285	17	43	54	79	634893.99195	10671406.47827
2020	285	17	43	56	81	634897.88457	10671408.98406
2020	285	17	43	58	82	634901.75800	10671411.48837
2020	285	17	44	0	84	634905.60689	10671414.00154
2020	285	17	44	2	85	634909.48685	10671416.51900
2020	285	17	44	4	86	634913.32395	10671419.05483
2020	285	17	44	6	88	634917.16904	10671421.57661
2020	285	17	44	8	89	634921.04396	10671424.05157
2020	285	17	44	10	91	634924.90707	10671426.54480
2020	285	17	44	12	92	634928.75695	10671429.04720
2020	285	17	44	14	94	634932.61158	10671431.51109
2020	285	17	44	16	95	634936.47633	10671433.96139
2020	285	17	44	18	97	634940.32495	10671436.44451
2020	285	17	44	20	98	634944.16655	10671438.93902
2020	285	17	44	22	100	634948.01202	10671441.42743
2020	285	17	44	24	101	634951.85586	10671443.90395
2020	285	17	44	26	103	634955.72616	10671446.41159
2020	285	17	44	28	104	634959.58793	10671448.90077
2020	285	17	44	30	106	634963.47792	10671451.34494
2020	285	17	44	32	107	634967.36886	10671453.80545
2020	285	17	44	34	109	634971.28900	10671456.27437
2020	285	17	44	36	110	634975.22269	10671458.69061
2020	285	17	44	38	111	634979.16475	10671461.11211
2020	285	17	44	40	113	634983.08860	10671463.58089
2020	285	17	44	42	114	634987.03006	10671466.01698
2020	285	17	44	44	116	634991.00198	10671468.46681
2020	285	17	44	46	117	634994.95180	10671470.97261
2020	285	17	44	48	119	634998.89632	10671473.47633
2020	285	17	44	50	120	635002.86003	10671476.00011
2020	285	17	44	52	122	635006.87181	10671478.57810
2020	285	17	44	54	123	635010.87271	10671481.11795
2020	285	17	44	56	125	635014.81910	10671483.68512
2020	285	17	44	58	127	635018.87100	10671486.19393
2020	285	17	45	0	128	635022.96309	10671488.76729
2020	285	17	45	2	130	635026.99949	10671491.33081
2020	285	17	45	4	131	635031.00936	10671493.86353
2020	285	17	45	6	133	635035.10357	10671496.43812
2020	285	17	45	8	134	635039.20105	10671499.04823
2020	285	17	45	10	136	635043.21445	10671501.69484
2020	285	17	45	12	137	635047.28322	10671504.29585
2020	285	17	45	14	139	635051.38741	10671506.95283
2020	285	17	45	16	140	635055.49065	10671509.60872
2020	285	17	45	18	142	635059.55934	10671512.27775
2020	285	17	45	20	144	635063.68760	10671514.94100
2020	285	17	45	22	145	635067.82442	10671517.61395
2020	285	17	45	24	147	635071.93419	10671520.28116
2020	285	17	45	26	148	635076.04500	10671522.95509
2020	285	17	45	28	150	635080.16905	10671525.67168
2020	285	17	45	30	151	635084.29656	10671528.41101
2020	285	17	45	32	153	635088.42469	10671531.10975
2020	285	17	45	34	155	635092.51640	10671533.87062
2020	285	17	45	36	156	635096.61483	10671536.70635
2020	285	17	45	38	158	635100.78186	10671539.47527
2020	285	17	45	40	159	635104.92006	10671542.26720
2020	285	17	45	42	161	635109.01768	10671545.12097
2020	285	17	45	44	163	635113.19637	10671547.91379
2020	285	17	45	46	164	635117.39863	10671550.71428
2020	285	17	45	48	166	635121.58752	10671553.54100
2020	285	17	45	50	167	635125.77774	10671556.36768
2020	285	17	45	52	169	635129.95696	10671559.18392
2020	285	17	45	54	171	635134.15749	10671561.99701
2020	285	17	45	56	172	635138.35284	10671564.86727
2020	285	17	45	58	174	635142.49335	10671567.75585
2020	285	17	46	0	176	635146.61977	10671570.63991
2020	285	17	46	2	177	635150.76519	10671573.54958
2020	285	17	46	4	179	635154.85936	10671576.53928
2020	285	17	46	6	180	635158.89917	10671579.56115
2020	285	17	46	8	182	635163.01718	10671582.50947
2020	285	17	46	10	184	635167.14632	10671585.47767
2020	285	17	46	12	185	635171.25149	10671588.47739
2020	285	17	46	14	187	635175.37660	10671591.41493
2020	285	17	46	16	189	635179.54997	10671594.31907
2020	285	17	46	18	190	635183.72468	10671597.21335
2020	285	17	46	20	192	635187.85195	10671600.13744
2020	285	17	46	22	193	635191.99747	10671603.03656
2020	285	17	46	24	195	635196.14915	10671605.89223
2020	285	17	46	26	197	635200.28577	10671608.79077
2020	285	17	46	28	198	635204.40582	10671611.71116
2020	285	17	46	30	200	635208.53250	10671614.61881
2020	285	17	46	32	201	635212.66464	10671617.48174
2020	285	17	46	34	203	635216.77495	10671620.40077
2020	285	17	46	36	205	635220.89959	10671623.32029
2020	285	17	46	38	206	635225.04123	10671626.16819
2020	285	17	46	40	208	635229.17363	10671629.05484
2020	285	17	46	42	210	635233.27172	10671631.97451
2020	285	17	46	44	211	635237.35120	10671634.91343
2020	285	17	46	46	213	635241.45324	10671637.79145
2020	285	17	46	48	214	635245.54788	10671640.72557
2020	285	17	46	50	216	635249.63535	10671643.66026
2020	285	17	46	52	218	635253.72736	10671646.51596
2020	285	17	46	54	219	635257.85429	10671649.36228
2020	285	17	46	56	221	635261.99866	10671652.19891
2020	285	17	46	58	222	635266.15314	10671655.03929
2020	285	17	47	0	224	635270.29364	10671657.84232
2020	285	17	47	2	226	635274.45089	10671660.62590
2020	285	17	47	4	227	635278.63475	10671663.43997
2020	285	17	47	6	229	635282.82373	10671666.23281
2020	285	17	47	8	230	635287.01748	10671669.00487
2020	285	17	47	10	232	635291.20590	10671671.79373
2020	285	17	47	12	234	635295.43648	10671674.55549
2020	285	17	47	14	235	635299.64736	10671677.35012
2020	285	17	47	16	237	635303.83895	10671680.14501
2020	285	17	47	18	238	635308.05839	10671682.92868
2020	285	17	47	20	240	635312.29845	10671685.71339
2020	285	17	47	22	242	635316.53001	10671688.50518
2020	285	17	47	24	243	635320.73568	10671691.32652
2020	285	17	47	26	245	635325.02200	10671694.07513
2020	285	17	47	28	247	635329.30028	10671696.85967
2020	285	17	47	30	248	635333.53002	10671699.66520
2020	285	17	47	32	250	635337.80020	10671702.42309
2020	285	17	47	34	251	635342.08704	10671705.22558
2020	285	17	47	36	253	635346.35127	10671708.05130
2020	285	17	47	38	255	635350.60099	10671710.86386
2020	285	17	47	40	256	635354.87362	10671713.67142
2020	285	17	47	42	258	635359.12408	10671716.54483
2020	285	17	47	44	260	635363.35364	10671719.41461
2020	285	17	47	46	261	635367.63886	10671722.20290
2020	285	17	47	48	263	635371.88108	10671725.06384
2020	285	17	47	50	265	635376.12688	10671727.93410
2020	285	17	47	52	266	635380.41108	10671730.73906
2020	285	17	47	54	268	635384.68546	10671733.55958
2020	285	17	47	56	269	635388.92528	10671736.41784
2020	285	17	47	58	271	635393.17396	10671739.29831
2020	285	17	48	0	273	635397.45048	10671742.15680
2020	285	17	48	2	274	635401.67962	10671745.04661
2020	285	17	48	4	276	635405.92645	10671747.94602
2020	285	17	48	6	278	635410.23007	10671750.81491
2020	285	17	48	8	279	635414.50646	10671753.69660
2020	285	17	48	10	281	635418.75640	10671756.56420
2020	285	17	48	12	283	635423.03348	10671759.39564
2020	285	17	48	14	284	635427.32932	10671762.24922
2020	285	17	48	16	286	635431.56061	10671765.12035
2020	285	17	48	18	288	635435.78969	10671767.96660
2020	285	17	48	20	289	635440.02490	10671770.81379
2020	285	17	48	22	291	635444.26855	10671773.66521
2020	285	17	48	24	292	635448.48396	10671776.55978
2020	285	17	48	26	294	635452.69517	10671779.42626
2020	285	17	48	28	296	635456.91316	10671782.26683
2020	285	17	48	30	297	635461.15929	10671785.10321
2020	285	17	48	32	299	635465.39946	10671787.93911
2020	285	17	48	34	301	635469.63537	10671790.77307
2020	285	17	48	36	302	635473.92368	10671793.50699
2020	285	17	48	38	304	635478.22400	10671796.24424
2020	285	17	48	40	306	635482.50921	10671799.01760
2020	285	17	48	42	307	635486.80232	10671801.75432
2020	285	17	48	44	309	635491.15990	10671804.43852
2020	285	17	48	46	310	635495.46067	10671807.17446
2020	285	17	48	48	312	635499.73923	10671809.91965
2020	285	17	48	50	314	635504.07057	10671812.62914
2020	285	17	48	52	315	635508.40543	10671815.36534
2020	285	17	48	54	317	635512.69711	10671818.13437
2020	285	17	48	56	319	635516.96910	10671820.87046
2020	285	17	48	58	320	635521.28509	10671823.61193
2020	285	17	49	0	322	635525.58693	10671826.43982
2020	285	17	49	2	323	635529.86560	10671829.21341
2020	285	17	49	4	325	635534.11247	10671831.98879
2020	285	17	49	6	327	635538.38853	10671834.77699
2020	285	17	49	8	328	635542.69062	10671837.60930
2020	285	17	49	10	330	635546.97233	10671840.38874
2020	285	17	49	12	332	635551.23861	10671843.14242
2020	285	17	49	14	333	635555.53469	10671845.92143
2020	285	17	49	16	335	635559.85649	10671848.69128
2020	285	17	49	18	337	635564.12184	10671851.47685
2020	285	17	49	20	338	635568.38484	10671854.21784
2020	285	17	49	22	340	635572.65041	10671856.99016
2020	285	17	49	24	341	635576.92025	10671859.78039
2020	285	17	49	26	343	635581.16355	10671862.58441
2020	285	17	49	28	345	635585.40578	10671865.35462
2020	285	17	49	30	346	635589.65313	10671868.15177
2020	285	17	49	32	348	635593.90895	10671870.96108
2020	285	17	49	34	350	635598.16119	10671873.75992
2020	285	17	49	36	351	635602.39070	10671876.57849
2020	285	17	49	38	353	635606.68649	10671879.35499
2020	285	17	49	40	354	635610.98207	10671882.13100
2020	285	17	49	42	356	635615.23815	10671884.93185
2020	285	17	49	44	358	635619.52431	10671887.67277
2020	285	17	49	46	359	635623.81972	10671890.41630
2020	285	17	49	48	361	635628.10684	10671893.15717
2020	285	17	49	50	363	635632.36114	10671895.90025
2020	285	17	49	52	364	635636.63078	10671898.59346
2020	285	17	49	54	366	635640.94164	10671901.26750
2020	285	17	49	56	367	635645.20139	10671904.01959
2020	285	17	49	58	369	635649.49219	10671906.68298
2020	285	17	50	0	371	635653.75627	10671909.37653
2020	285	17	50	2	372	635658.05805	10671912.06255
2020	285	17	50	4	374	635662.33008	10671914.79397
2020	285	17	50	6	376	635666.59992	10671917.50063
2020	285	17	50	8	377	635670.94184	10671920.14163
2020	285	17	50	10	379	635675.23286	10671922.86998
2020	285	17	50	12	380	635679.54469	10671925.55723
2020	285	17	50	14	382	635683.86828	10671928.22764
2020	285	17	50	16	384	635688.21297	10671930.91633
2020	285	17	50	18	385	635692.52039	10671933.64769
2020	285	17	50	20	387	635696.81537	10671936.39589
2020	285	17	50	22	389	635701.13025	10671939.12490
2020	285	17	50	24	390	635705.42527	10671941.93386
2020	285	17	50	26	392	635709.75869	10671944.74447
2020	285	17	50	28	394	635714.09421	10671947.51399
2020	285	17	50	30	395	635718.42002	10671950.30363
2020	285	17	50	32	397	635722.77376	10671953.09463
2020	285	17	50	34	399	635727.14906	10671955.85204
2020	285	17	50	36	400	635731.50122	10671958.57005
2020	285	17	50	38	402	635735.81119	10671961.30317
2020	285	17	50	40	403	635740.12166	10671964.06346
2020	285	17	50	42	405	635744.42485	10671966.76472
2020	285	17	50	44	407	635748.71758	10671969.49036
2020	285	17	50	46	408	635752.99130	10671972.25441
2020	285	17	50	48	410	635757.25103	10671975.00366
2020	285	17	50	50	412	635761.54238	10671977.71663
2020	285	17	50	52	413	635765.85313	10671980.43899
2020	285	17	50	54	415	635770.13236	10671983.17927
2020	285	17	50	56	416	635774.41867	10671985.87353
2020	285	17	50	58	418	635778.77843	10671988.51344
2020	285	17	51	0	420	635783.12997	10671991.17633
2020	285	17	51	2	421	635787.44618	10671993.85376
2020	285	17	51	4	423	635791.81307	10671996.47116
2020	285	17	51	6	425	635796.19321	10671999.10392
2020	285	17	51	8	426	635800.48654	10672001.82581
2020	285	17	51	10	428	635804.82927	10672004.50086
2020	285	17	51	12	429	635809.16914	10672007.19238
2020	285	17	51	14	431	635813.47178	10672009.95049
2020	285	17	51	16	433	635817.77472	10672012.68566
2020	285	17	51	18	434	635822.10652	10672015.44045
2020	285	17	51	20	436	635826.37795	10672018.27209
2020	285	17	51	22	438	635830.60445	10672021.15255
2020	285	17	51	24	439	635834.85968	10672023.99965
2020	285	17	51	26	441	635839.05452	10672026.93638
2020	285	17	51	28	443	635843.23392	10672029.91034
2020	285	17	51	30	444	635847.44119	10672032.85986
2020	285	17	51	32	446	635851.62068	10672035.82441
2020	285	17	51	34	448	635855.77591	10672038.79542
2020	285	17	51	36	449	635860.00478	10672041.73880
2020	285	17	51	38	451	635864.23595	10672044.70097
2020	285	17	51	40	452	635868.44914	10672047.63481
2020	285	17	51	42	454	635872.67480	10672050.52963
2020	285	17	51	44	456	635876.94659	10672053.44908
2020	285	17	51	46	457	635881.20805	10672056.39247
2020	285	17	51	48	459	635885.44498	10672059.31541
2020	285	17	51	50	461	635889.69698	10672062.21672
2020	285	17	51	52	462	635893.95135	10672065.14385
2020	285	17	51	54	464	635898.17050	10672068.11514
2020	285	17	51	56	466	635902.43051	10672071.02997
2020	285	17	51	58	467	635906.67133	10672073.93689
2020	285	17	52	0	469	635910.88334	10672076.89046
2020	285	17	52	2	471	635915.10472	10672079.84627
2020	285	17	52	4	472	635919.35639	10672082.77701
2020	285	17	52	6	474	635923.57789	10672085.72791
2020	285	17	52	8	476	635927.74694	10672088.71813
2020	285	17	52	10	477	635931.95383	10672091.68434
2020	285	17	52	12	479	635936.19005	10672094.61277
2020	285	17	52	14	480	635940.37927	10672097.60711
2020	285	17	52	16	482	635944.59686	10672100.53998
2020	285	17	52	18	484	635948.83980	10672103.44830
2020	285	17	52	20	485	635953.08663	10672106.37161
2020	285	17	52	22	487	635957.32531	10672109.29784
2020	285	17	52	24	489	635961.56907	10672112.23164
2020	285	17	52	26	490	635965.83003	10672115.12979
2020	285	17	52	28	492	635970.07795	10672118.04640
2020	285	17	52	30	494	635974.30423	10672121.01206
2020	285	17	52	32	495	635978.57795	10672123.94845
2020	285	17	52	34	497	635982.84263	10672126.87444
2020	285	17	52	36	499	635987.06169	10672129.81281
2020	285	17	52	38	500	635991.31697	10672132.75707
2020	285	17	52	40	502	635995.56230	10672135.76095
2020	285	17	52	42	504	635999.80111	10672138.71401
2020	285	17	52	44	505	636003.97964	10672141.69901
2020	285	17	52	46	507	636008.17693	10672144.74056
2020	285	17	52	48	509	636012.36973	10672147.81084
2020	285	17	52	50	510	636016.53178	10672150.86938
2020	285	17	52	52	512	636020.70198	10672153.89946
2020	285	17	52	54	514	636024.86776	10672157.00592
2020	285	17	52	56	515	636029.04504	10672160.08178
2020	285	17	52	58	517	636033.24579	10672163.09461
2020	285	17	53	0	519	636037.42931	10672166.13560
2020	285	17	53	2	520	636041.60916	10672169.19915
2020	285	17	53	4	522	636045.79787	10672172.20518
2020	285	17	53	6	523	636049.98605	10672175.24070
2020	285	17	53	8	525	636054.16234	10672178.29820
2020	285	17	53	10	527	636058.33558	10672181.35154
2020	285	17	53	12	528	636062.55070	10672184.33692
2020	285	17	53	14	530	636066.77178	10672187.34571
2020	285	17	53	16	532	636070.96604	10672190.38709
2020	285	17	53	18	533	636075.24288	10672193.29939
2020	285	17	53	20	535	636079.53830	10672196.21307
2020	285	17	53	22	537	636083.79461	10672199.15782
2020	285	17	53	24	538	636088.07704	10672202.07205
2020	285	17	53	26	540	636092.41743	10672204.94042
2020	285	17	53	28	542	636096.72258	10672207.85661
2020	285	17	53	30	543	636100.97058	10672210.82048
2020	285	17	53	32	545	636105.28789	10672213.73235
2020	285	17	53	34	547	636109.59580	10672216.68886
2020	285	17	53	36	548	636113.87435	10672219.64767
2020	285	17	53	38	550	636118.18658	10672222.58389
2020	285	17	53	40	552	636122.51354	10672225.51123
2020	285	17	53	42	553	636126.82805	10672228.42906
2020	285	17	53	44	555	636131.14620	10672231.33021
2020	285	17	53	46	557	636135.50859	10672234.22244
2020	285	17	53	48	558	636139.84049	10672237.12478
2020	285	17	53	50	560	636144.14606	10672240.01172
2020	285	17	53	52	562	636148.45019	10672242.92060
2020	285	17	53	54	563	636152.76920	10672245.86408
2020	285	17	53	56	565	636157.07010	10672248.79323
2020	285	17	53	58	567	636161.34468	10672251.71230
2020	285	17	54	0	568	636165.62953	10672254.64373
2020	285	17	54	2	570	636169.95851	10672257.56445
2020	285	17	54	4	572	636174.29316	10672260.47608
2020	285	17	54	6	573	636178.61360	10672263.32383
2020	285	17	54	8	575	636182.92065	10672266.18782
2020	285	17	54	10	577	636187.26763	10672269.05635
2020	285	17	54	12	578	636191.66661	10672271.88450
2020	285	17	54	14	580	636196.01989	10672274.69613
2020	285	17	54	16	582	636200.38173	10672277.48550
2020	285	17	54	18	583	636204.79983	10672280.26750
2020	285	17	54	20	585	636209.22348	10672283.03884
2020	285	17	54	22	587	636213.65650	10672285.75114
2020	285	17	54	24	588	636218.08023	10672288.45468
2020	285	17	54	26	590	636222.53159	10672291.16210
2020	285	17	54	28	592	636226.98864	10672293.88916
2020	285	17	54	30	593	636231.44378	10672296.61490
2020	285	17	54	32	595	636235.87671	10672299.34741
2020	285	17	54	34	597	636240.29681	10672302.09778
2020	285	17	54	36	598	636244.72594	10672304.87069
2020	285	17	54	38	600	636249.13527	10672307.63799
2020	285	17	54	40	602	636253.52192	10672310.39184
2020	285	17	54	42	603	636257.92451	10672313.11766
2020	285	17	54	44	605	636262.28490	10672315.90778
2020	285	17	54	46	607	636266.65122	10672318.68851
2020	285	17	54	48	608	636270.99628	10672321.45167
2020	285	17	54	50	610	636275.31044	10672324.26307
2020	285	17	54	52	612	636279.64108	10672327.09140
2020	285	17	54	54	613	636283.96675	10672329.93551
2020	285	17	54	56	615	636288.29534	10672332.74367
2020	285	17	54	58	617	636292.61471	10672335.58251
2020	285	17	55	0	618	636296.98436	10672338.38431
2020	285	17	55	2	620	636301.36837	10672341.15562
2020	285	17	55	4	622	636305.72322	10672343.95205
2020	285	17	55	6	623	636310.08080	10672346.72242
2020	285	17	55	8	625	636314.45921	10672349.48188
2020	285	17	55	10	626	636318.83604	10672352.22049
2020	285	17	55	12	628	636323.16387	10672355.03002
2020	285	17	55	14	630	636327.50044	10672357.80973
2020	285	17	55	16	631	636331.86963	10672360.56157
2020	285	17	55	18	633	636336.19427	10672363.37197
2020	285	17	55	20	635	636340.51089	10672366.19271
2020	285	17	55	22	636	636344.87669	10672368.96751
2020	285	17	55	24	638	636349.23213	10672371.73324
2020	285	17	55	26	640	636353.54303	10672374.56428
2020	285	17	55	28	641	636357.87243	10672377.36710
2020	285	17	55	30	643	636362.24011	10672380.12693
2020	285	17	55	32	645	636366.56084	10672382.95882
2020	285	17	55	34	646	636370.89315	10672385.78302
2020	285	17	55	36	648	636375.25875	10672388.58335
2020	285	17	55	38	650	636379.61575	10672391.38679
2020	285	17	55	40	651	636383.95765	10672394.21820
2020	285	17	55	42	653	636388.34118	10672397.05385
2020	285	17	55	44	655	636392.70198	10672399.89651
2020	285	17	55	46	656	636397.05540	10672402.74145
2020	285	17	55	48	658	636401.41861	10672405.58811
2020	285	17	55	50	660	636405.77903	10672408.44395
2020	285	17	55	52	661	636410.12763	10672411.29236
2020	285	17	55	54	663	636414.49103	10672414.11468
2020	285	17	55	56	665	636418.85117	10672416.97246
2020	285	17	55	58	666	636423.19379	10672419.81313
2020	285	17	56	0	668	636427.56254	10672422.62532
2020	285	17	56	2	670	636431.97845	10672425.43777
2020	285	17	56	4	671	636436.33744	10672428.30124
2020	285	17	56	6	673	636440.69409	10672431.09758
2020	285	17	56	8	675	636445.11565	10672433.84753
2020	285	17	56	10	676	636449.54079	10672436.67312
2020	285	17	56	12	678	636453.91754	10672439.50191
2020	285	17	56	14	680	636458.31885	10672442.21906
2020	285	17	56	16	681	636462.74350	10672444.95137
2020	285	17	56	18	683	636467.13608	10672447.79802
2020	285	17	56	20	685	636471.53994	10672450.56179
2020	285	17	56	22	686	636475.90239	10672453.26655
2020	285	17	56	24	688	636480.24238	10672456.05301
2020	285	17	56	26	690	636484.60919	10672458.86121
2020	285	17	56	28	691	636488.99464	10672461.59183
2020	285	17	56	30	693	636493.28568	10672464.34905
2020	285	17	56	32	694	636497.59352	10672467.11219
2020	285	17	56	34	696	636501.98129	10672469.85319
2020	285	17	56	36	698	636506.31106	10672472.62478
2020	285	17	56	38	699	636510.62216	10672475.36764
2020	285	17	56	40	701	636515.01089	10672478.04993
2020	285	17	56	42	703	636519.43568	10672480.73101
2020	285	17	56	44	704	636523.87191	10672483.39554
2020	285	17	56	46	706	636528.32855	10672486.00729
2020	285	17	56	48	708	636532.82748	10672488.58691
2020	285	17	56	50	709	636537.28382	10672491.19799
2020	285	17	56	52	711	636541.74391	10672493.81211
2020	285	17	56	54	713	636546.17933	10672496.46262
2020	285	17	56	56	714	636550.60532	10672499.11622
2020	285	17	56	58	716	636555.00649	10672501.79902
2020	285	17	57	0	718	636559.39850	10672504.49350
2020	285	17	57	2	719	636563.77078	10672507.20116
2020	285	17	57	4	721	636568.10971	10672509.91954
2020	285	17	57	6	723	636572.47415	10672512.64762
2020	285	17	57	8	724	636576.79937	10672515.40892
2020	285	17	57	10	726	636581.08789	10672518.17744
2020	285	17	57	12	727	636585.38314	10672520.95909
2020	285	17	57	14	729	636589.71694	10672523.76744
2020	285	17	57	16	731	636594.01129	10672526.63301
2020	285	17	57	18	732	636598.28258	10672529.46556
2020	285	17	57	20	734	636602.59750	10672532.26666
2020	285	17	57	22	736	636606.91552	10672535.13228
2020	285	17	57	24	737	636611.23686	10672538.02082
2020	285	17	57	26	739	636615.57298	10672540.82312
2020	285	17	57	28	741	636619.85989	10672543.67797
2020	285	17	57	30	742	636624.17324	10672546.56246
2020	285	17	57	32	744	636628.49588	10672549.46569
2020	285	17	57	34	746	636632.77781	10672552.37057
2020	285	17	57	36	747	636637.03744	10672555.26255
2020	285	17	57	38	749	636641.33038	10672558.17200
2020	285	17	57	40	751	636645.58683	10672561.12485
2020	285	17	57	42	752	636649.84204	10672564.06094
2020	285	17	57	44	754	636654.12917	10672566.95174
2020	285	17	57	46	756	636658.37798	10672569.88613
2020	285	17	57	48	757	636662.63662	10672572.83600
2020	285	17	57	50	759	636666.95407	10672575.74413
2020	285	17	57	52	761	636671.26515	10672578.63769
2020	285	17	57	54	762	636675.54044	10672581.55289
2020	285	17	57	56	764	636679.89099	10672584.40960
2020	285	17	57	58	766	636684.21776	10672587.31897
2020	285	17	58	0	767	636688.52150	10672590.19215
2020	285	17	58	2	769	636692.85120	10672593.03059
2020	285	17	58	4	771	636697.17414	10672595.91217
2020	285	17	58	6	772	636701.46880	10672598.83486
2020	285	17	58	8	774	636705.76883	10672601.71761
2020	285	17	58	10	775	636710.08747	10672604.58359
2020	285	17	58	12	777	636714.40416	10672607.48739
2020	285	17	58	14	779	636718.70897	10672610.42868
2020	285	17	58	16	780	636723.04898	10672613.29774
2020	285	17	58	18	782	636727.37629	10672616.17709
2020	285	17	58	20	784	636731.70263	10672619.09660
2020	285	17	58	22	786	636736.03052	10672622.03103
2020	285	17	58	24	787	636740.34392	10672624.95333
2020	285	17	58	26	789	636744.67824	10672627.85138
2020	285	17	58	28	791	636748.96841	10672630.83642
2020	285	17	58	30	792	636753.27659	10672633.81064
2020	285	17	58	32	794	636757.56823	10672636.78545
2020	285	17	58	34	796	636761.85057	10672639.78384
2020	285	17	58	36	797	636766.08592	10672642.82232
2020	285	17	58	38	799	636770.33899	10672645.85213
2020	285	17	58	40	801	636774.59255	10672648.88611
2020	285	17	58	42	802	636778.81425	10672651.96775
2020	285	17	58	44	804	636783.01808	10672655.02910
2020	285	17	58	46	806	636787.23734	10672658.05972
2020	285	17	58	48	807	636791.45862	10672661.14359
2020	285	17	58	50	809	636795.67042	10672664.24208
2020	285	17	58	52	811	636799.89590	10672667.27686
2020	285	17	58	54	812	636804.11625	10672670.29388
2020	285	17	58	56	814	636808.34756	10672673.37555
2020	285	17	58	58	816	636812.58749	10672676.43656
2020	285	17	59	0	817	636816.84783	10672679.43570
2020	285	17	59	2	819	636821.08418	10672682.45978
2020	285	17	59	4	821	636825.31594	10672685.50756
2020	285	17	59	6	822	636829.57450	10672688.56265
2020	285	17	59	8	824	636833.84846	10672691.55831
2020	285	17	59	10	826	636838.10244	10672694.57791
2020	285	17	59	12	827	636842.32661	10672697.59447
2020	285	17	59	14	829	636846.59586	10672700.57090
2020	285	17	59	16	831	636850.83134	10672703.56855
2020	285	17	59	18	832	636855.08039	10672706.53960
2020	285	17	59	20	834	636859.30401	10672709.52062
2020	285	17	59	22	836	636863.53384	10672712.46056
2020	285	17	59	24	837	636867.77589	10672715.45835
2020	285	17	59	26	839	636872.05413	10672718.40435
2020	285	17	59	28	841	636876.32362	10672721.33909
2020	285	17	59	30	842	636880.55838	10672724.27443
2020	285	17	59	32	844	636884.83643	10672727.18456
2020	285	17	59	34	845	636889.11460	10672730.10156
2020	285	17	59	36	847	636893.34289	10672733.01102
2020	285	17	59	38	849	636897.55003	10672735.92449
2020	285	17	59	40	850	636901.76717	10672738.80393
2020	285	17	59	42	852	636905.97379	10672741.73585
2020	285	17	59	44	854	636910.12774	10672744.70535
2020	285	17	59	46	855	636914.28697	10672747.62323
2020	285	17	59	48	857	636918.44325	10672750.56443
2020	285	17	59	50	859	636922.58371	10672753.54445
2020	285	17	59	52	860	636926.68879	10672756.57630
2020	285	17	59	54	862	636930.84936	10672759.51036
2020	285	17	59	56	863	636935.04498	10672762.41837
2020	285	17	59	58	865	636939.19512	10672765.39103
2020	285	18	0	0	867	636943.39620	10672768.27697
2020	285	18	0	2	868	636947.67795	10672771.09646
2020	285	18	0	4	870	636951.89681	10672773.95957
2020	285	18	0	6	872	636956.06562	10672776.84573
2020	285	18	0	8	873	636960.30277	10672779.68142
2020	285	18	0	10	875	636964.55366	10672782.54346
2020	285	18	0	12	877	636968.69915	10672785.51297
2020	285	18	0	14	878	636972.89607	10672788.39606
2020	285	18	0	16	880	636977.17903	10672791.23427
2020	285	18	0	18	881	636981.38275	10672794.21209
2020	285	18	0	20	883	636985.59700	10672797.12118
2020	285	18	0	22	885	636989.88242	10672799.94164
2020	285	18	0	24	886	636994.12920	10672802.84210
2020	285	18	0	26	888	636998.33880	10672805.76461
2020	285	18	0	28	890	637002.57071	10672808.63816
2020	285	18	0	30	891	637006.78768	10672811.51757
2020	285	18	0	32	893	637010.93275	10672814.48740
2020	285	18	0	34	895	637015.08350	10672817.40752
2020	285	18	0	36	896	637019.25818	10672820.30576
2020	285	18	0	38	898	637023.36607	10672823.28041
2020	285	18	0	40	899	637027.52129	10672826.17678
2020	285	18	0	42	901	637031.68773	10672829.04297
2020	285	18	0	44	903	637035.86645	10672831.91619
2020	285	18	0	46	904	637040.01476	10672834.78999
2020	285	18	0	48	906	637044.20754	10672837.60581
2020	285	18	0	50	907	637048.45001	10672840.35287
2020	285	18	0	52	909	637052.65753	10672843.15341
2020	285	18	0	54	911	637056.89888	10672845.89449
2020	285	18	0	56	912	637061.18116	10672848.56181
2020	285	18	0	58	914	637065.45189	10672851.27747
2020	285	18	1	0	916	637069.70625	10672854.00552
2020	285	18	1	2	917	637073.99413	10672856.68006
2020	285	18	1	4	919	637078.26221	10672859.36595
2020	285	18	1	6	920	637082.51391	10672862.12593
2020	285	18	1	8	922	637086.78928	10672864.87607
2020	285	18	1	10	924	637091.06692	10672867.59939
2020	285	18	1	12	925	637095.30352	10672870.38799
2020	285	18	1	14	927	637099.53966	10672873.17782
2020	285	18	1	16	929	637103.79340	10672875.99282
2020	285	18	1	18	930	637108.03687	10672878.77873
2020	285	18	1	20	932	637112.26837	10672881.56195
2020	285	18	1	22	933	637116.46745	10672884.40508
2020	285	18	1	24	935	637120.68362	10672887.22332
2020	285	18	1	26	937	637124.92258	10672890.03601
2020	285	18	1	28	938	637129.09385	10672892.86736
2020	285	18	1	30	940	637133.26696	10672895.70018
2020	285	18	1	32	942	637137.44911	10672898.52966
2020	285	18	1	34	943	637141.65924	10672901.37551
2020	285	18	1	36	945	637145.84035	10672904.25076
2020	285	18	1	38	946	637150.02877	10672907.05951
2020	285	18	1	40	948	637154.23877	10672909.92142
2020	285	18	1	42	950	637158.48572	10672912.76511
2020	285	18	1	44	951	637162.72993	10672915.56451
2020	285	18	1	46	953	637166.94498	10672918.35134
2020	285	18	1	48	955	637171.24601	10672921.10868
2020	285	18	1	50	956	637175.52781	10672923.87755
2020	285	18	1	52	958	637179.77863	10672926.64383
2020	285	18	1	54	959	637184.03797	10672929.41445
2020	285	18	1	56	961	637188.35785	10672932.15261
2020	285	18	1	58	963	637192.57843	10672934.98487
2020	285	18	2	0	964	637196.83301	10672937.78931
2020	285	18	2	2	966	637201.11764	10672940.56359
2020	285	18	2	4	968	637205.37416	10672943.36941
2020	285	18	2	6	969	637209.62561	10672946.17368
2020	285	18	2	8	971	637213.91523	10672948.95916
2020	285	18	2	10	972	637218.16357	10672951.77608
2020	285	18	2	12	974	637222.41190	10672954.57803
2020	285	18	2	14	976	637226.70618	10672957.34730
2020	285	18	2	16	977	637230.96082	10672960.17258
2020	285	18	2	18	979	637235.24667	10672962.96942
2020	285	18	2	20	981	637239.56945	10672965.71029
2020	285	18	2	22	982	637243.87569	10672968.45707
2020	285	18	2	24	984	637248.15524	10672971.24253
2020	285	18	2	26	986	637252.51511	10672973.95336
2020	285	18	2	28	987	637256.84204	10672976.68843
2020	285	18	2	30	989	637261.14098	10672979.42536
2020	285	18	2	32	990	637265.47478	10672982.09704
2020	285	18	2	34	992	637269.82367	10672984.81012
2020	285	18	2	36	994	637274.14091	10672987.51005
2020	285	18	2	38	995	637278.46540	10672990.19588
2020	285	18	2	40	997	637282.78088	10672992.88917
2020	285	18	2	42	999	637287.03711	10672995.64287
2020	285	18	2	44	1000	637291.32333	10672998.35879
2020	285	18	2	46	1002	637295.64446	10673001.08393
2020	285	18	2	48	1003	637299.91742	10673003.84967
2020	285	18	2	50	1005	637304.18055	10673006.56062
2020	285	18	2	52	1007	637308.49188	10673009.25068
2020	285	18	2	54	1008	637312.81388	10673011.96592
2020	285	18	2	56	1010	637317.08328	10673014.67135
2020	285	18	2	58	1012	637321.33031	10673017.36284
2020	285	18	3	0	1013	637325.62021	10673020.04113
2020	285	18	3	2	1015	637329.86182	10673022.75875
2020	285	18	3	4	1016	637334.09949	10673025.49895
2020	285	18	3	6	1018	637338.35617	10673028.21490
2020	285	18	3	8	1020	637342.57028	10673030.93041
2020	285	18	3	10	1021	637346.75985	10673033.67508
2020	285	18	3	12	1023	637351.00525	10673036.35274
2020	285	18	3	14	1024	637355.23697	10673039.00535
2020	285	18	3	16	1026	637359.44014	10673041.62933
2020	285	18	3	18	1028	637363.66664	10673044.21388
2020	285	18	3	20	1029	637367.93640	10673046.76241
2020	285	18	3	22	1031	637372.14988	10673049.36279
2020	285	18	3	24	1032	637376.41515	10673051.92866
2020	285	18	3	26	1034	637380.71148	10673054.43057
2020	285	18	3	28	1036	637384.97896	10673057.01108
2020	285	18	3	30	1037	637389.28556	10673059.57163
2020	285	18	3	32	1039	637393.65490	10673062.06410
2020	285	18	3	34	1040	637397.96303	10673064.58158
2020	285	18	3	36	1042	637402.27836	10673067.11724
2020	285	18	3	38	1044	637406.65875	10673069.62192
2020	285	18	3	40	1045	637411.00686	10673072.15690
2020	285	18	3	42	1047	637415.27485	10673074.74569
2020	285	18	3	44	1048	637419.60455	10673077.31455
2020	285	18	3	46	1050	637423.90520	10673079.96123
2020	285	18	3	48	1052	637428.13736	10673082.66244
2020	285	18	3	50	1053	637432.37031	10673085.35785
2020	285	18	3	52	1055	637436.61165	10673088.10072
2020	285	18	3	54	1056	637440.84799	10673090.84829
2020	285	18	3	56	1058	637445.04951	10673093.62685
2020	285	18	3	58	1060	637449.28572	10673096.39548
2020	285	18	4	0	1061	637453.50654	10673099.18291
2020	285	18	4	2	1063	637457.72787	10673101.95199
2020	285	18	4	4	1065	637461.94896	10673104.75802
2020	285	18	4	6	1066	637466.15922	10673107.56076
2020	285	18	4	8	1068	637470.37963	10673110.35941
2020	285	18	4	10	1069	637474.56982	10673113.18185
2020	285	18	4	12	1071	637478.78587	10673116.00919
2020	285	18	4	14	1073	637482.98533	10673118.84888
2020	285	18	4	16	1074	637487.17960	10673121.66498
2020	285	18	4	18	1076	637491.37569	10673124.50612
2020	285	18	4	20	1078	637495.58772	10673127.33028
2020	285	18	4	22	1079	637499.77819	10673130.18610
2020	285	18	4	24	1081	637503.94858	10673133.01761
2020	285	18	4	26	1082	637508.17961	10673135.84816
2020	285	18	4	28	1084	637512.40412	10673138.69323
2020	285	18	4	30	1086	637516.60183	10673141.51675
2020	285	18	4	32	1087	637520.83515	10673144.33615
2020	285	18	4	34	1089	637525.09538	10673147.14199
2020	285	18	4	36	1091	637529.30367	10673149.95153
2020	285	18	4	38	1092	637533.48752	10673152.75808
2020	285	18	4	40	1094	637537.69755	10673155.58586
2020	285	18	4	42	1095	637541.87706	10673158.41870
2020	285	18	4	44	1097	637546.02486	10673161.23863
2020	285	18	4	46	1099	637550.20950	10673164.07447
2020	285	18	4	48	1100	637554.40289	10673166.92720
2020	285	18	4	50	1102	637558.57010	10673169.77667
2020	285	18	4	52	1103	637562.75423	10673172.62493
2020	285	18	4	54	1105	637566.97994	10673175.48175
2020	285	18	4	56	1107	637571.16439	10673178.35662
2020	285	18	4	58	1108	637575.36022	10673181.20667
2020	285	18	5	0	1110	637579.59002	10673184.03833
2020	285	18	5	2	1112	637583.83088	10673186.86642
2020	285	18	5	4	1113	637588.01785	10673189.70217
2020	285	18	5	6	1115	637592.24763	10673192.47298
2020	285	18	5	8	1116	637596.46244	10673195.29266
2020	285	18	5	10	1118	637600.65713	10673198.12093
2020	285	18	5	12	1120	637604.84022	10673200.92605
2020	285	18	5	14	1121	637609.01550	10673203.74492
2020	285	18	5	16	1123	637613.18437	10673206.60008
2020	285	18	5	18	1125	637617.34409	10673209.47639
2020	285	18	5	20	1126	637621.55356	10673212.28358
2020	285	18	5	22	1128	637625.71943	10673215.15484
2020	285	18	5	24	1129	637629.90962	10673218.00219
2020	285	18	5	26	1131	637634.11714	10673220.82721
2020	285	18	5	28	1133	637638.34455	10673223.65442
2020	285	18	5	30	1134	637642.53485	10673226.52205
2020	285	18	5	32	1136	637646.69555	10673229.37622
2020	285	18	5	34	1137	637650.87333	10673232.20120
2020	285	18	5	36	1139	637655.05941	10673235.10998
2020	285	18	5	38	1141	637659.20903	10673238.04125
2020	285	18	5	40	1142	637663.35476	10673240.90454
2020	285	18	5	42	1144	637667.53557	10673243.77561
2020	285	18	5	44	1146	637671.72481	10673246.72295
2020	285	18	5	46	1147	637675.91942	10673249.64683
2020	285	18	5	48	1149	637680.13147	10673252.49730
2020	285	18	5	50	1151	637684.34167	10673255.39119
2020	285	18	5	52	1152	637688.53550	10673258.33030
2020	285	18	5	54	1154	637692.74726	10673261.22036
2020	285	18	5	56	1155	637696.96256	10673264.10496
2020	285	18	5	58	1157	637701.10290	10673267.06477
2020	285	18	6	0	1159	637705.24854	10673270.01154
2020	285	18	6	2	1160	637709.40948	10673272.95495
2020	285	18	6	4	1162	637713.53812	10673275.96112
2020	285	18	6	6	1164	637717.63604	10673278.96155
2020	285	18	6	8	1165	637721.79529	10673281.89166
2020	285	18	6	10	1167	637725.98312	10673284.83733
2020	285	18	6	12	1168	637730.16155	10673287.80701
2020	285	18	6	14	1170	637734.35954	10673290.70633
2020	285	18	6	16	1172	637738.59400	10673293.54759
2020	285	18	6	18	1173	637742.84122	10673296.45038
2020	285	18	6	20	1175	637747.08732	10673299.33302
2020	285	18	6	22	1177	637751.35362	10673302.17476
2020	285	18	6	24	1178	637755.62739	10673304.98932
2020	285	18	6	26	1180	637759.90163	10673307.83361
2020	285	18	6	28	1182	637764.20630	10673310.66254
2020	285	18	6	30	1183	637768.50180	10673313.47244
2020	285	18	6	32	1185	637772.77056	10673316.29786
2020	285	18	6	34	1187	637777.06992	10673319.09849
2020	285	18	6	36	1188	637781.36921	10673321.90728
2020	285	18	6	38	1190	637785.64070	10673324.74882
2020	285	18	6	40	1191	637789.93718	10673327.52259
2020	285	18	6	42	1193	637794.22206	10673330.31001
2020	285	18	6	44	1195	637798.49593	10673333.09346
2020	285	18	6	46	1196	637802.74275	10673335.89214
2020	285	18	6	48	1198	637807.01250	10673338.65568
2020	285	18	6	50	1200	637811.25263	10673341.43945
2020	285	18	6	52	1201	637815.48764	10673344.21824
2020	285	18	6	54	1203	637819.69440	10673346.96837
2020	285	18	6	56	1204	637823.92690	10673349.72717
2020	285	18	6	58	1206	637828.17881	10673352.48778
2020	285	18	7	0	1208	637832.42056	10673355.23117
2020	285	18	7	2	1209	637836.61306	10673357.96600
2020	285	18	7	4	1211	637840.86498	10673360.70714
2020	285	18	7	6	1213	637845.13401	10673363.45591
2020	285	18	7	8	1214	637849.34841	10673366.21461
2020	285	18	7	10	1216	637853.59601	10673368.92194
2020	285	18	7	12	1217	637857.86789	10673371.64397
2020	285	18	7	14	1219	637862.12088	10673374.38461
2020	285	18	7	16	1221	637866.37648	10673377.11255
2020	285	18	7	18	1222	637870.65956	10673379.83984
2020	285	18	7	20	1224	637874.93783	10673382.58888
2020	285	18	7	22	1225	637879.18766	10673385.34351
2020	285	18	7	24	1227	637883.44613	10673388.11336
2020	285	18	7	26	1229	637887.74492	10673390.87797
2020	285	18	7	28	1230	637892.02424	10673393.64248
2020	285	18	7	30	1232	637896.28788	10673396.41145
2020	285	18	7	32	1234	637900.59870	10673399.15267
2020	285	18	7	34	1235	637904.90261	10673401.91107
2020	285	18	7	36	1237	637909.17467	10673404.68157
2020	285	18	7	38	1239	637913.44610	10673407.46004
2020	285	18	7	40	1240	637917.70165	10673410.25068
2020	285	18	7	42	1242	637921.92132	10673413.07639
2020	285	18	7	44	1243	637926.12070	10673415.94530
2020	285	18	7	46	1245	637930.33033	10673418.80710
2020	285	18	7	48	1247	637934.48495	10673421.71103
2020	285	18	7	50	1248	637938.68637	10673424.58229
2020	285	18	7	52	1250	637942.90299	10673427.46934
2020	285	18	7	54	1252	637947.06819	10673430.40854
2020	285	18	7	56	1253	637951.30064	10673433.27901
2020	285	18	7	58	1255	637955.57012	10673436.15104
2020	285	18	8	0	1256	637959.79818	10673439.07902
2020	285	18	8	2	1258	637964.00657	10673441.97455
2020	285	18	8	4	1260	637968.27757	10673444.82871
2020	285	18	8	6	1261	637972.54191	10673447.69642
2020	285	18	8	8	1263	637976.78371	10673450.55676
2020	285	18	8	10	1265	637981.02572	10673453.38174
2020	285	18	8	12	1266	637985.28428	10673456.21154
2020	285	18	8	14	1268	637989.55923	10673459.06370
2020	285	18	8	16	1270	637993.81669	10673461.88049
2020	285	18	8	18	1271	637998.04874	10673464.72630
2020	285	18	8	20	1273	638002.28352	10673467.58868
2020	285	18	8	22	1274	638006.54183	10673470.41450
2020	285	18	8	24	1276	638010.75266	10673473.27950
2020	285	18	8	26	1278	638014.94416	10673476.13391
2020	285	18	8	28	1279	638019.16249	10673478.98617
2020	285	18	8	30	1281	638023.37283	10673481.82048
2020	285	18	8	32	1283	638027.56152	10673484.68416
2020	285	18	8	34	1284	638031.79826	10673487.50253
2020	285	18	8	36	1286	638036.02683	10673490.33465
2020	285	18	8	38	1287	638040.25459	10673493.13510
2020	285	18	8	40	1289	638044.52355	10673495.88570
2020	285	18	8	42	1291	638048.76250	10673498.66678
2020	285	18	8	44	1292	638053.05351	10673501.37065
2020	285	18	8	46	1294	638057.32361	10673504.07768
2020	285	18	8	48	1296	638061.59009	10673506.75333
2020	285	18	8	50	1297	638065.84332	10673509.43342
2020	285	18	8	52	1299	638070.13595	10673512.13688
2020	285	18	8	54	1300	638074.42541	10673514.81481
2020	285	18	8	56	1302	638078.63621	10673517.53823
2020	285	18	8	58	1304	638082.88712	10673520.22484
2020	285	18	9	0	1305	638087.17376	10673522.95995
2020	285	18	9	2	1307	638091.39182	10673525.75266
2020	285	18	9	4	1309	638095.63194	10673528.47758
2020	285	18	9	6	1310	638099.85239	10673531.24977
2020	285	18	9	8	1312	638104.09156	10673534.05667
2020	285	18	9	10	1313	638108.33297	10673536.87703
2020	285	18	9	12	1315	638112.59300	10673539.65564
2020	285	18	9	14	1317	638116.80688	10673542.46736
2020	285	18	9	16	1318	638121.03926	10673545.29532
2020	285	18	9	18	1320	638125.36829	10673548.06578
2020	285	18	9	20	1322	638129.62660	10673550.88590
2020	285	18	9	22	1323	638133.85694	10673553.68391
2020	285	18	9	24	1325	638138.16620	10673556.44260
2020	285	18	9	26	1326	638142.48152	10673559.22566
2020	285	18	9	28	1328	638146.70620	10673562.08249
2020	285	18	9	30	1330	638150.96651	10673564.83608
2020	285	18	9	32	1331	638155.28018	10673567.60759
2020	285	18	9	34	1333	638159.52485	10673570.45426
2020	285	18	9	36	1335	638163.75749	10673573.24985
2020	285	18	9	38	1336	638168.03821	10673576.01713
2020	285	18	9	40	1338	638172.31090	10673578.81615
2020	285	18	9	42	1340	638176.56367	10673581.61398
2020	285	18	9	44	1341	638180.83026	10673584.35633
2020	285	18	9	46	1343	638185.13434	10673587.12276
2020	285	18	9	48	1344	638189.42956	10673589.88820
2020	285	18	9	50	1346	638193.71451	10673592.60932
2020	285	18	9	52	1348	638198.02644	10673595.32302
2020	285	18	9	54	1349	638202.33030	10673598.07988
2020	285	18	9	56	1351	638206.60914	10673600.82834
2020	285	18	9	58	1353	638210.90139	10673603.52333
2020	285	18	10	0	1354	638215.19713	10673606.24359
2020	285	18	10	2	1356	638219.45925	10673609.00724
2020	285	18	10	4	1357	638223.73317	10673611.75050
2020	285	18	10	6	1359	638228.01889	10673614.47861
2020	285	18	10	8	1361	638232.27218	10673617.24402
2020	285	18	10	10	1362	638236.51962	10673620.02648
2020	285	18	10	12	1364	638240.81362	10673622.77320
2020	285	18	10	14	1366	638245.11473	10673625.51474
2020	285	18	10	16	1367	638249.37779	10673628.26620
2020	285	18	10	18	1369	638253.69090	10673630.94711
2020	285	18	10	20	1370	638258.01986	10673633.66800
2020	285	18	10	22	1372	638262.31828	10673636.40399
2020	285	18	10	24	1374	638266.58062	10673639.12849
2020	285	18	10	26	1375	638270.82351	10673641.88039
2020	285	18	10	28	1377	638275.11814	10673644.62153
2020	285	18	10	30	1379	638279.31925	10673647.45504
2020	285	18	10	32	1380	638283.53505	10673650.19973
2020	285	18	10	34	1382	638287.75022	10673652.97864
2020	285	18	10	36	1383	638291.98558	10673655.77092
2020	285	18	10	38	1385	638296.16506	10673658.57395
2020	285	18	10	40	1387	638300.31278	10673661.39782
2020	285	18	10	42	1388	638304.54159	10673664.14203
2020	285	18	10	44	1390	638308.73745	10673666.96701
2020	285	18	10	46	1391	638312.89882	10673669.79436
2020	285	18	10	48	1393	638317.07742	10673672.56348
2020	285	18	10	50	1395	638321.28778	10673675.33127
2020	285	18	10	52	1396	638325.49270	10673678.11901
2020	285	18	10	54	1398	638329.64178	10673680.92587
2020	285	18	10	56	1399	638333.80315	10673683.67978
2020	285	18	10	58	1401	638337.98496	10673686.43789
2020	285	18	11	0	1403	638342.14801	10673689.24186
2020	285	18	11	2	1404	638346.25214	10673691.99312
2020	285	18	11	4	1406	638350.34582	10673694.76984
2020	285	18	11	6	1407	638354.49306	10673697.51447
2020	285	18	11	8	1409	638358.61401	10673700.24482
2020	285	18	11	10	1411	638362.64171	10673703.01693
2020	285	18	11	12	1412	638366.76228	10673705.70033
2020	285	18	11	14	1414	638370.93868	10673708.38439
2020	285	18	11	16	1415	638375.02274	10673711.10285
2020	285	18	11	18	1417	638379.11784	10673713.76970
2020	285	18	11	20	1418	638383.31490	10673716.38189
2020	285	18	11	22	1420	638387.51260	10673719.02745
2020	285	18	11	24	1422	638391.61260	10673721.70759
2020	285	18	11	26	1423	638395.76604	10673724.30317
2020	285	18	11	28	1425	638399.95841	10673726.92065
2020	285	18	11	30	1426	638404.07433	10673729.62662
2020	285	18	11	32	1428	638408.19048	10673732.28113
2020	285	18	11	34	1429	638412.31794	10673734.92238
2020	285	18	11	36	1431	638416.42752	10673737.62384
2020	285	18	11	38	1433	638420.53894	10673740.34041
2020	285	18	11	40	1434	638424.65652	10673743.03678
2020	285	18	11	42	1436	638428.73545	10673745.76298
2020	285	18	11	44	1437	638432.81180	10673748.50857
2020	285	18	11	46	1439	638436.91877	10673751.28031
2020	285	18	11	48	1441	638441.00212	10673754.04347
2020	285	18	11	50	1442	638445.05477	10673756.84150
2020	285	18	11	52	1444	638449.14664	10673759.63203
2020	285	18	11	54	1445	638453.22461	10673762.42202
2020	285	18	11	56	1447	638457.31112	10673765.20736
2020	285	18	11	58	1448	638461.36853	10673768.02773
2020	285	18	12	0	1450	638465.49382	10673770.80103
2020	285	18	12	2	1452	638469.57239	10673773.57140
2020	285	18	12	4	1453	638473.66912	10673776.36649
2020	285	18	12	6	1455	638477.78353	10673779.14270
2020	285	18	12	8	1456	638481.87876	10673781.94301
2020	285	18	12	10	1458	638485.98202	10673784.72099
2020	285	18	12	12	1460	638490.11552	10673787.48843
2020	285	18	12	14	1461	638494.19777	10673790.27807
2020	285	18	12	16	1463	638498.30541	10673793.06632
2020	285	18	12	18	1464	638502.48576	10673795.79200
2020	285	18	12	20	1466	638506.61344	10673798.52605
2020	285	18	12	22	1467	638510.69147	10673801.30819
2020	285	18	12	24	1469	638514.83158	10673804.04957
2020	285	18	12	26	1471	638519.00410	10673806.78631
2020	285	18	12	28	1472	638523.07099	10673809.60552
2020	285	18	12	30	1474	638527.16327	10673812.40837
2020	285	18	12	32	1475	638531.33783	10673815.13243
2020	285	18	12	34	1477	638535.47106	10673817.93015
2020	285	18	12	36	1479	638539.58918	10673820.70778
2020	285	18	12	38	1480	638543.74963	10673823.41907
2020	285	18	12	40	1482	638547.90232	10673826.11766
2020	285	18	12	42	1483	638552.00605	10673828.83361
2020	285	18	12	44	1485	638556.09599	10673831.53242
2020	285	18	12	46	1486	638560.17894	10673834.22653
2020	285	18	12	48	1488	638564.26299	10673836.92056
2020	285	18	12	50	1490	638568.33073	10673839.61993
2020	285	18	12	52	1491	638572.42431	10673842.37533
2020	285	18	12	54	1493	638576.55202	10673845.10509
2020	285	18	12	56	1494	638580.67561	10673847.81640
2020	285	18	12	58	1496	638584.82677	10673850.51350
2020	285	18	13	0	1498	638588.97290	10673853.26378
2020	285	18	13	2	1499	638593.16009	10673855.94164
2020	285	18	13	4	1501	638597.31196	10673858.61640
2020	285	18	13	6	1502	638601.48409	10673861.30146
2020	285	18	13	8	1504	638605.70620	10673863.94701
2020	285	18	13	10	1505	638609.91239	10673866.64969
2020	285	18	13	12	1507	638614.09927	10673869.31536
2020	285	18	13	14	1509	638618.28693	10673871.98053
2020	285	18	13	16	1510	638622.46060	10673874.70288
2020	285	18	13	18	1512	638626.62577	10673877.46592
2020	285	18	13	20	1513	638630.76799	10673880.17948
2020	285	18	13	22	1515	638634.88587	10673882.89341
2020	285	18	13	24	1517	638639.01465	10673885.68129
2020	285	18	13	26	1518	638643.20871	10673888.41605
2020	285	18	13	28	1520	638647.32683	10673891.17350
2020	285	18	13	30	1521	638651.45240	10673893.91534
2020	285	18	13	32	1523	638655.65962	10673896.65106
2020	285	18	13	34	1525	638659.83744	10673899.43726
2020	285	18	13	36	1526	638663.95419	10673902.17960
2020	285	18	13	38	1528	638668.10180	10673904.92496
2020	285	18	13	40	1529	638672.31200	10673907.67378
2020	285	18	13	42	1531	638676.44233	10673910.46815
2020	285	18	13	44	1533	638680.52568	10673913.25197
2020	285	18	13	46	1534	638684.70238	10673915.97705
2020	285	18	13	48	1536	638688.87830	10673918.75071
2020	285	18	13	50	1537	638693.01252	10673921.48883
2020	285	18	13	52	1539	638697.15059	10673924.19759
2020	285	18	13	54	1541	638701.33928	10673926.87921
2020	285	18	13	56	1542	638705.51923	10673929.56014
2020	285	18	13	58	1544	638709.64100	10673932.26883
2020	285	18	14	0	1545	638713.79653	10673934.94396
2020	285	18	14	2	1547	638717.91684	10673937.66986
2020	285	18	14	4	1548	638722.01475	10673940.41302
2020	285	18	14	6	1550	638726.14556	10673943.10325
2020	285	18	14	8	1552	638730.22814	10673945.85315
2020	285	18	14	10	1553	638734.29183	10673948.60863
2020	285	18	14	12	1555	638738.39697	10673951.32519
2020	285	18	14	14	1556	638742.52252	10673954.04279
2020	285	18	14	16	1558	638746.56030	10673956.83018
2020	285	18	14	18	1559	638750.65302	10673959.58416
2020	285	18	14	20	1561	638754.80835	10673962.28467
2020	285	18	14	22	1563	638758.88945	10673965.05161
2020	285	18	14	24	1564	638762.96057	10673967.81322
2020	285	18	14	26	1566	638767.09747	10673970.53741
2020	285	18	14	28	1567	638771.23859	10673973.24900
2020	285	18	14	30	1569	638775.26226	10673976.05093
2020	285	18	14	32	1571	638779.36787	10673978.80555
2020	285	18	14	34	1572	638783.51132	10673981.52511
2020	285	18	14	36	1574	638787.57054	10673984.31391
2020	285	18	14	38	1575	638791.66453	10673987.05682
2020	285	18	14	40	1577	638795.84167	10673989.72759
2020	285	18	14	42	1578	638799.97766	10673992.45208
2020	285	18	14	44	1580	638804.05855	10673995.19410
2020	285	18	14	46	1582	638808.19735	10673997.84062
2020	285	18	14	48	1583	638812.30012	10674000.53570
2020	285	18	14	50	1585	638816.34480	10674003.33040
2020	285	18	14	52	1586	638820.38993	10674006.08166
2020	285	18	14	54	1588	638824.41103	10674008.80608
2020	285	18	14	56	1589	638828.41941	10674011.59751
2020	285	18	14	58	1591	638832.43887	10674014.41774
2020	285	18	15	0	1593	638836.44739	10674017.19786
2020	285	18	15	2	1594	638840.41775	10674019.98573
2020	285	18	15	4	1596	638844.41058	10674022.78128
2020	285	18	15	6	1597	638848.43605	10674025.57149
2020	285	18	15	8	1599	638852.39234	10674028.41479
2020	285	18	15	10	1600	638856.38677	10674031.21334
2020	285	18	15	12	1602	638860.38195	10674034.03751
2020	285	18	15	14	1603	638864.37257	10674036.88088
2020	285	18	15	16	1605	638868.36168	10674039.72819
2020	285	18	15	18	1607	638872.35990	10674042.59909
2020	285	18	15	20	1608	638876.38797	10674045.45803
2020	285	18	15	22	1610	638880.41844	10674048.29326
2020	285	18	15	24	1611	638884.40210	10674051.20187
2020	285	18	15	26	1613	638888.41277	10674054.09942
2020	285	18	15	28	1615	638892.43383	10674057.02235
2020	285	18	15	30	1616	638896.42478	10674059.95499
2020	285	18	15	32	1618	638900.34041	10674062.93065
2020	285	18	15	34	1619	638904.27783	10674065.91564
2020	285	18	15	36	1621	638908.23817	10674068.90013
2020	285	18	15	38	1622	638912.13939	10674071.93518
2020	285	18	15	40	1624	638916.01505	10674074.92218
2020	285	18	15	42	1626	638919.88635	10674077.94380
2020	285	18	15	44	1627	638923.78299	10674080.96324
2020	285	18	15	46	1629	638927.65694	10674084.01237
2020	285	18	15	48	1630	638931.51663	10674087.03673
2020	285	18	15	50	1632	638935.33651	10674090.08560
2020	285	18	15	52	1633	638939.18872	10674093.13570
2020	285	18	15	54	1635	638943.06668	10674096.18416
2020	285	18	15	56	1637	638946.93610	10674099.23433
2020	285	18	15	58	1638	638950.83884	10674102.18995
2020	285	18	16	0	1640	638954.81564	10674105.11867
2020	285	18	16	2	1641	638958.84435	10674108.00940
2020	285	18	16	4	1643	638962.89884	10674110.87946
2020	285	18	16	6	1645	638966.96104	10674113.67719
2020	285	18	16	8	1646	638971.08634	10674116.44186
2020	285	18	16	10	1648	638975.23666	10674119.24149
2020	285	18	16	12	1649	638979.35230	10674122.02438
2020	285	18	16	14	1651	638983.49239	10674124.75253
2020	285	18	16	16	1652	638987.64676	10674127.50353
2020	285	18	16	18	1654	638991.80915	10674130.28602
2020	285	18	16	20	1656	638995.95169	10674133.04361
2020	285	18	16	22	1657	639000.07738	10674135.83605
2020	285	18	16	24	1659	639004.23238	10674138.66139
2020	285	18	16	26	1660	639008.32949	10674141.52471
2020	285	18	16	28	1662	639012.43308	10674144.38727
2020	285	18	16	30	1664	639016.53715	10674147.28761
2020	285	18	16	32	1665	639020.66161	10674150.18668
2020	285	18	16	34	1667	639024.75973	10674153.05194
2020	285	18	16	36	1668	639028.86354	10674155.91522
2020	285	18	16	38	1670	639033.03387	10674158.77136
2020	285	18	16	40	1672	639037.16461	10674161.63491
2020	285	18	16	42	1673	639041.26607	10674164.43506
2020	285	18	16	44	1675	639045.38483	10674167.25885
2020	285	18	16	46	1677	639049.54332	10674170.12605
2020	285	18	16	48	1678	639053.65069	10674172.95869
2020	285	18	16	50	1680	639057.76235	10674175.76224
2020	285	18	16	52	1681	639061.92541	10674178.55995
2020	285	18	16	54	1683	639066.10315	10674181.37045
2020	285	18	16	56	1685	639070.29502	10674184.10658
2020	285	18	16	58	1686	639074.53464	10674186.80040
2020	285	18	17	0	1688	639078.79164	10674189.48441
2020	285	18	17	2	1689	639083.01786	10674192.14874
2020	285	18	17	4	1691	639087.32035	10674194.74301
2020	285	18	17	6	1693	639091.62668	10674197.37398
2020	285	18	17	8	1694	639095.86823	10674200.02247
2020	285	18	17	10	1696	639100.12275	10674202.62833
2020	285	18	17	12	1697	639104.39370	10674205.27133
2020	285	18	17	14	1699	639108.60798	10674208.01548
2020	285	18	17	16	1701	639112.79656	10674210.73847
2020	285	18	17	18	1702	639117.02397	10674213.40008
2020	285	18	17	20	1704	639121.21884	10674216.12472
2020	285	18	17	22	1705	639125.43057	10674218.85169
2020	285	18	17	24	1707	639129.67941	10674221.51417
2020	285	18	17	26	1709	639133.88241	10674224.18028
2020	285	18	17	28	1710	639138.04783	10674226.87334
2020	285	18	17	30	1712	639142.26092	10674229.54643
2020	285	18	17	32	1713	639146.44727	10674232.24134
2020	285	18	17	34	1715	639150.56853	10674234.94774
2020	285	18	17	36	1716	639154.72419	10674237.61523
2020	285	18	17	38	1718	639158.89392	10674240.26966
2020	285	18	17	40	1720	639163.03005	10674242.96355
2020	285	18	17	42	1721	639167.19014	10674245.59109
2020	285	18	17	44	1723	639171.38007	10674248.19375
2020	285	18	17	46	1724	639175.55224	10674250.81289
2020	285	18	17	48	1726	639179.74461	10674253.42535
2020	285	18	17	50	1728	639183.98374	10674256.02473
2020	285	18	17	52	1729	639188.19868	10674258.62799
2020	285	18	17	54	1731	639192.41365	10674261.22314
2020	285	18	17	56	1732	639196.69039	10674263.81595
2020	285	18	17	58	1734	639200.97803	10674266.39816
2020	285	18	18	0	1736	639205.22983	10674268.99129
2020	285	18	18	2	1737	639209.53297	10674271.55254
2020	285	18	18	4	1739	639213.83979	10674274.15761
2020	285	18	18	6	1740	639218.10734	10674276.76829
2020	285	18	18	8	1742	639222.36332	10674279.39006
2020	285	18	18	10	1744	639226.64321	10674282.05687
2020	285	18	18	12	1745	639230.91703	10674284.70713
2020	285	18	18	14	1747	639235.14815	10674287.38046
2020	285	18	18	16	1748	639239.41201	10674290.07017
2020	285	18	18	18	1750	639243.70273	10674292.76161
2020	285	18	18	20	1752	639247.94517	10674295.46073
2020	285	18	18	22	1753	639252.19000	10674298.15254
2020	285	18	18	24	1755	639256.45071	10674300.86920
2020	285	18	18	26	1756	639260.70608	10674303.61164
2020	285	18	18	28	1758	639264.94503	10674306.32498
2020	285	18	18	30	1760	639269.18376	10674309.03562
2020	285	18	18	32	1761	639273.42286	10674311.79246
2020	285	18	18	34	1763	639277.65322	10674314.56042
2020	285	18	18	36	1765	639281.90483	10674317.26989
2020	285	18	18	38	1766	639286.13707	10674320.02269
2020	285	18	18	40	1768	639290.37644	10674322.80466
2020	285	18	18	42	1769	639294.62709	10674325.52608
2020	285	18	18	44	1771	639298.90081	10674328.23365
2020	285	18	18	46	1773	639303.13318	10674331.00652
2020	285	18	18	48	1774	639307.38292	10674333.73982
2020	285	18	18	50	1776	639311.65209	10674336.43110
2020	285	18	18	52	1777	639315.90773	10674339.15481
2020	285	18	18	54	1779	639320.14366	10674341.91288
2020	285	18	18	56	1781	639324.38799	10674344.61869
2020	285	18	18	58	1782	639328.67784	10674347.28618
2020	285	18	19	0	1784	639332.93592	10674350.01318
2020	285	18	19	2	1786	639337.16716	10674352.72145
2020	285	18	19	4	1787	639341.44862	10674355.38119
2020	285	18	19	6	1789	639345.72697	10674358.06229
2020	285	18	19	8	1790	639349.97889	10674360.79384
2020	285	18	19	10	1792	639354.21257	10674363.50064
2020	285	18	19	12	1794	639358.47563	10674366.16477
2020	285	18	19	14	1795	639362.73915	10674368.87818
2020	285	18	19	16	1797	639367.00788	10674371.58825
2020	285	18	19	18	1798	639371.28687	10674374.25369
2020	285	18	19	20	1800	639375.57115	10674376.87836
2020	285	18	19	22	1802	639379.86034	10674379.52250
2020	285	18	19	24	1803	639384.15443	10674382.17111
2020	285	18	19	26	1805	639388.44575	10674384.75863
2020	285	18	19	28	1806	639392.72290	10674387.33617
2020	285	18	19	30	1808	639396.97812	10674389.93183
2020	285	18	19	32	1810	639401.24431	10674392.54257
2020	285	18	19	34	1811	639405.49227	10674395.14780
2020	285	18	19	36	1813	639409.71566	10674397.75697
2020	285	18	19	38	1814	639413.92118	10674400.40505
2020	285	18	19	40	1816	639418.13937	10674403.07835
2020	285	18	19	42	1818	639422.37623	10674405.72359
2020	285	18	19	44	1819	639426.57607	10674408.39532
2020	285	18	19	46	1821	639430.78647	10674411.06845
2020	285	18	19	48	1822	639435.01818	10674413.74545
2020	285	18	19	50	1824	639439.25667	10674416.40738
2020	285	18	19	52	1826	639443.46237	10674419.08201
2020	285	18	19	54	1827	639447.65764	10674421.77606
2020	285	18	19	56	1829	639451.87696	10674424.43640
2020	285	18	19	58	1830	639456.09433	10674427.11405
2020	285	18	20	0	1832	639460.31458	10674429.80202
2020	285	18	20	2	1834	639464.51363	10674432.48291
2020	285	18	20	4	1835	639468.73047	10674435.16034
2020	285	18	20	6	1837	639472.99844	10674437.80817
2020	285	18	20	8	1838	639477.25986	10674440.48811
2020	285	18	20	10	1840	639481.49278	10674443.13329
2020	285	18	20	12	1842	639485.75814	10674445.75097
2020	285	18	20	14	1843	639490.06469	10674448.36770
2020	285	18	20	16	1845	639494.33769	10674450.98699
2020	285	18	20	18	1846	639498.62463	10674453.57502
2020	285	18	20	20	1848	639502.92873	10674456.15789
2020	285	18	20	22	1850	639507.22246	10674458.75257
2020	285	18	20	24	1851	639511.51254	10674461.33648
2020	285	18	20	26	1853	639515.78832	10674463.93341
2020	285	18	20	28	1854	639520.04365	10674466.56375
2020	285	18	20	30	1856	639524.29473	10674469.19351
2020	285	18	20	32	1858	639528.54719	10674471.84036
2020	285	18	20	34	1859	639532.80609	10674474.51278
2020	285	18	20	36	1861	639537.04843	10674477.20421
2020	285	18	20	38	1862	639541.29085	10674479.89614
2020	285	18	20	40	1864	639545.55362	10674482.60113
2020	285	18	20	42	1866	639549.80292	10674485.35548
2020	285	18	20	44	1867	639554.02489	10674488.09918
2020	285	18	20	46	1869	639558.25204	10674490.80678
2020	285	18	20	48	1871	639562.47213	10674493.56049
2020	285	18	20	50	1872	639566.69545	10674496.31891
2020	285	18	20	52	1874	639570.88876	10674499.06829
2020	285	18	20	54	1875	639575.05421	10674501.82481
2020	285	18	20	56	1877	639579.20255	10674504.60898
2020	285	18	20	58	1879	639583.33812	10674507.44778
2020	285	18	21	0	1880	639587.47615	10674510.24452
2020	285	18	21	2	1882	639591.55728	10674513.08835
2020	285	18	21	4	1883	639595.65556	10674515.92360
2020	285	18	21	6	1885	639599.78243	10674518.75046
2020	285	18	21	8	1887	639603.89636	10674521.58200
2020	285	18	21	10	1888	639608.02089	10674524.39272
2020	285	18	21	12	1890	639612.12733	10674527.21674
2020	285	18	21	14	1891	639616.27190	10674529.97789
2020	285	18	21	16	1893	639620.41197	10674532.76492
2020	285	18	21	18	1895	639624.53185	10674535.55470
2020	285	18	21	20	1896	639628.66517	10674538.29297
2020	285	18	21	22	1898	639632.80588	10674541.01867
2020	285	18	21	24	1899	639636.94096	10674543.78168
2020	285	18	21	26	1901	639641.07101	10674546.53920
2020	285	18	21	28	1902	639645.19423	10674549.28451
2020	285	18	21	30	1904	639649.34048	10674552.02385
2020	285	18	21	32	1906	639653.44074	10674554.81999
2020	285	18	21	34	1907	639657.55723	10674557.61002
2020	285	18	21	36	1909	639661.70606	10674560.33295
2020	285	18	21	38	1910	639665.80947	10674563.10988
2020	285	18	21	40	1912	639669.91807	10674565.89316
2020	285	18	21	42	1914	639674.05314	10674568.64135
2020	285	18	21	44	1915	639678.19990	10674571.38016
2020	285	18	21	46	1917	639682.28745	10674574.18195
2020	285	18	21	48	1918	639686.42586	10674576.96588
2020	285	18	21	50	1920	639690.56564	10674579.71393
2020	285	18	21	52	1922	639694.67772	10674582.51063
2020	285	18	21	54	1923	639698.80369	10674585.30275
2020	285	18	21	56	1925	639702.91284	10674588.10260
2020	285	18	21	58	1926	639707.00499	10674590.87664
2020	285	18	22	0	1928	639711.08437	10674593.69173
2020	285	18	22	2	1930	639715.17828	10674596.51362
2020	285	18	22	4	1931	639719.24122	10674599.33441
2020	285	18	22	6	1933	639723.32705	10674602.13656
2020	285	18	22	8	1934	639727.43451	10674604.94529
2020	285	18	22	10	1936	639731.51471	10674607.79068
2020	285	18	22	12	1937	639735.60230	10674610.60175
2020	285	18	22	14	1939	639739.75020	10674613.38604
2020	285	18	22	16	1941	639743.86541	10674616.23325
2020	285	18	22	18	1942	639747.96478	10674619.06747
2020	285	18	22	20	1944	639752.12124	10674621.85172
2020	285	18	22	22	1945	639756.25925	10674624.65509
2020	285	18	22	24	1947	639760.35906	10674627.47853
2020	285	18	22	26	1949	639764.48526	10674630.25275
2020	285	18	22	28	1950	639768.63220	10674632.98634
2020	285	18	22	30	1952	639772.69730	10674635.78146
2020	285	18	22	32	1953	639776.78986	10674638.54587
2020	285	18	22	34	1955	639780.93361	10674641.28639
2020	285	18	22	36	1957	639785.00744	10674644.07344
2020	285	18	22	38	1958	639789.05923	10674646.85607
2020	285	18	22	40	1960	639793.17481	10674649.60971
2020	285	18	22	42	1961	639797.27567	10674652.39776
2020	285	18	22	44	1963	639801.34760	10674655.18417
2020	285	18	22	46	1964	639805.46553	10674657.90169
2020	285	18	22	48	1966	639809.59049	10674660.65624
2020	285	18	22	50	1968	639813.70005	10674663.42897
2020	285	18	22	52	1969	639817.81827	10674666.16614
2020	285	18	22	54	1971	639821.95294	10674668.89743
2020	285	18	22	56	1972	639826.08060	10674671.66577
2020	285	18	22	58	1974	639830.19287	10674674.43767
2020	285	18	23	0	1976	639834.32694	10674677.17258
2020	285	18	23	2	1977	639838.45865	10674679.93920
2020	285	18	23	4	1979	639842.60832	10674682.69070
2020	285	18	23	6	1980	639846.74368	10674685.43559
2020	285	18	23	8	1982	639850.86674	10674688.19278
2020	285	18	23	10	1983	639854.98093	10674690.95689
2020	285	18	23	12	1985	639859.12552	10674693.70837
2020	285	18	23	14	1987	639863.24762	10674696.47922
2020	285	18	23	16	1988	639867.33096	10674699.26877
2020	285	18	23	18	1990	639871.41916	10674702.06222
2020	285	18	23	20	1991	639875.52799	10674704.87220
2020	285	18	23	22	1993	639879.61055	10674707.71239
2020	285	18	23	24	1995	639883.65405	10674710.58437
2020	285	18	23	26	1996	639887.73605	10674713.42610
2020	285	18	23	28	1998	639891.83861	10674716.29743
2020	285	18	23	30	1999	639895.89781	10674719.19506
2020	285	18	23	32	2001	639900.00653	10674722.03623
2020	285	18	23	34	2003	639904.12817	10674724.86923
2020	285	18	23	36	2004	639908.21963	10674727.72740
2020	285	18	23	38	2006	639912.32130	10674730.54041
2020	285	18	23	40	2007	639916.43281	10674733.35772
2020	285	18	23	42	2009	639920.52753	10674736.19912
2020	285	18	23	44	2011	639924.57300	10674739.04898
2020	285	18	23	46	2012	639928.66964	10674741.86003
2020	285	18	23	48	2014	639932.74498	10674744.71497
2020	285	18	23	50	2015	639936.83855	10674747.56014
2020	285	18	23	52	2017	639940.95658	10674750.36819
2020	285	18	23	54	2019	639945.07683	10674753.17208
2020	285	18	23	56	2020	639949.20893	10674755.96560
2020	285	18	23	58	2022	639953.36402	10674758.74985
2020	285	18	24	0	2023	639957.50665	10674761.50898
2020	285	18	24	2	2025	639961.59779	10674764.27599
2020	285	18	24	4	2026	639965.69901	10674767.02407
2020	285	18	24	6	2028	639969.79597	10674769.79426
2020	285	18	24	8	2030	639973.85363	10674772.55870
2020	285	18	24	10	2031	639977.89170	10674775.33594
2020	285	18	24	12	2033	639981.96952	10674778.07311
2020	285	18	24	14	2034	639986.02935	10674780.84353
2020	285	18	24	16	2036	639990.08480	10674783.59554
2020	285	18	24	18	2037	639994.18666	10674786.28964
2020	285	18	24	20	2039	639998.30734	10674788.97874
2020	285	18	24	22	2041	640002.41427	10674791.70519
2020	285	18	24	24	2042	640006.57701	10674794.39530
2020	285	18	24	26	2044	640010.77198	10674797.05598
2020	285	18	24	28	2045	640014.90432	10674799.80326
2020	285	18	24	30	2047	640019.05309	10674802.48987
2020	285	18	24	32	2049	640023.19303	10674805.16276
2020	285	18	24	34	2050	640027.25792	10674807.90553
2020	285	18	24	36	2052	640031.33411	10674810.59207
2020	285	18	24	38	2053	640035.42364	10674813.26347
2020	285	18	24	40	2055	640039.48174	10674815.96559
2020	285	18	24	42	2056	640043.51412	10674818.69367
2020	285	18	24	44	2058	640047.60831	10674821.37565
2020	285	18	24	46	2059	640051.64611	10674824.10955
2020	285	18	24	48	2061	640055.65380	10674826.84834
2020	285	18	24	50	2063	640059.68379	10674829.55797
2020	285	18	24	52	2064	640063.69180	10674832.30660
2020	285	18	24	54	2066	640067.68902	10674835.04677
2020	285	18	24	56	2067	640071.69209	10674837.75124
2020	285	18	24	58	2069	640075.70236	10674840.45467
2020	285	18	25	0	2070	640079.69737	10674843.18702
2020	285	18	25	2	2072	640083.70819	10674845.90389
2020	285	18	25	4	2073	640087.73801	10674848.58838
2020	285	18	25	6	2075	640091.74232	10674851.29470
2020	285	18	25	8	2077	640095.77269	10674853.97228
2020	285	18	25	10	2078	640099.84604	10674856.63754
2020	285	18	25	12	2080	640103.92742	10674859.29759
2020	285	18	25	14	2081	640107.98570	10674861.95591
2020	285	18	25	16	2083	640112.06765	10674864.55543
2020	285	18	25	18	2084	640116.18234	10674867.18272
2020	285	18	25	20	2086	640120.28643	10674869.86336
2020	285	18	25	22	2087	640124.36937	10674872.49855
2020	285	18	25	24	2089	640128.45869	10674875.10189
2020	285	18	25	26	2091	640132.53510	10674877.79540
2020	285	18	25	28	2092	640136.61160	10674880.52025
2020	285	18	25	30	2094	640140.69868	10674883.18498
2020	285	18	25	32	2095	640144.74044	10674885.86982
2020	285	18	25	34	2097	640148.75692	10674888.60098
2020	285	18	25	36	2098	640152.82574	10674891.33421
2020	285	18	25	38	2100	640156.89465	10674894.06791
2020	285	18	25	40	2101	640160.93064	10674896.77329
2020	285	18	25	42	2103	640164.93787	10674899.50920
2020	285	18	25	44	2105	640169.01188	10674902.23913
2020	285	18	25	46	2106	640173.11885	10674904.95314
2020	285	18	25	48	2108	640177.15544	10674907.66879
2020	285	18	25	50	2109	640181.22622	10674910.32419
2020	285	18	25	52	2111	640185.35843	10674913.00223
2020	285	18	25	54	2112	640189.48306	10674915.70201
2020	285	18	25	56	2114	640193.56677	10674918.38575
2020	285	18	25	58	2116	640197.69342	10674921.02516
2020	285	18	26	0	2117	640201.85502	10674923.69969
2020	285	18	26	2	2119	640205.97002	10674926.42328
2020	285	18	26	4	2120	640210.10532	10674929.09890
2020	285	18	26	6	2122	640214.26974	10674931.76173
2020	285	18	26	8	2123	640218.40065	10674934.46328
2020	285	18	26	10	2125	640222.54166	10674937.15481
2020	285	18	26	12	2127	640226.68895	10674939.87386
2020	285	18	26	14	2128	640230.83863	10674942.56735
2020	285	18	26	16	2130	640234.94344	10674945.26032
2020	285	18	26	18	2131	640239.04342	10674947.99435
2020	285	18	26	20	2133	640243.19297	10674950.72102
2020	285	18	26	22	2135	640247.29220	10674953.47077
2020	285	18	26	24	2136	640251.37439	10674956.20285
2020	285	18	26	26	2138	640255.47276	10674958.94305
2020	285	18	26	28	2139	640259.57454	10674961.72923
2020	285	18	26	30	2141	640263.67725	10674964.50842
2020	285	18	26	32	2142	640267.79286	10674967.24633
2020	285	18	26	34	2144	640271.89197	10674969.99166
2020	285	18	26	36	2146	640275.97614	10674972.75587
2020	285	18	26	38	2147	640280.13905	10674975.46007
2020	285	18	26	40	2149	640284.28625	10674978.15936
2020	285	18	26	42	2150	640288.34847	10674980.89904
2020	285	18	26	44	2152	640292.46521	10674983.58470
2020	285	18	26	46	2154	640296.61883	10674986.28495
2020	285	18	26	48	2155	640300.70141	10674989.07581
2020	285	18	26	50	2157	640304.76751	10674991.82364
2020	285	18	26	52	2158	640308.85424	10674994.56437
2020	285	18	26	54	2160	640312.95422	10674997.35108
2020	285	18	26	56	2161	640317.03885	10675000.16402
2020	285	18	26	58	2163	640321.14030	10675002.93067
2020	285	18	27	0	2165	640325.25888	10675005.66416
2020	285	18	27	2	2166	640329.38843	10675008.43935
2020	285	18	27	4	2168	640333.54743	10675011.17771
2020	285	18	27	6	2169	640337.70391	10675013.92864
2020	285	18	27	8	2171	640341.84190	10675016.66324
2020	285	18	27	10	2173	640345.97537	10675019.40235
2020	285	18	27	12	2174	640350.13353	10675022.15797
2020	285	18	27	14	2176	640354.29989	10675024.91599
2020	285	18	27	16	2177	640358.39003	10675027.68550
2020	285	18	27	18	2179	640362.44464	10675030.43389
2020	285	18	27	20	2180	640366.55265	10675033.20285
2020	285	18	27	22	2182	640370.65529	10675036.02604
2020	285	18	27	24	2184	640374.67656	10675038.82752
2020	285	18	27	26	2185	640378.69889	10675041.58868
2020	285	18	27	28	2187	640382.79643	10675044.35357
2020	285	18	27	30	2188	640386.90634	10675047.17185
2020	285	18	27	32	2190	640390.95758	10675049.94723
2020	285	18	27	34	2192	640395.04709	10675052.63378
2020	285	18	27	36	2193	640399.17517	10675055.36562
2020	285	18	27	38	2195	640403.29727	10675058.13187
2020	285	18	27	40	2196	640407.42622	10675060.82463
2020	285	18	27	42	2198	640411.57029	10675063.48967
2020	285	18	27	44	2199	640415.71240	10675066.19634
2020	285	18	27	46	2201	640419.84419	10675068.89996
2020	285	18	27	48	2203	640423.99965	10675071.56833
2020	285	18	27	50	2204	640428.13478	10675074.26721
2020	285	18	27	52	2206	640432.24448	10675076.98282
2020	285	18	27	54	2207	640436.35633	10675079.65979
2020	285	18	27	56	2209	640440.47428	10675082.37219
2020	285	18	27	58	2210	640444.58720	10675085.09917
2020	285	18	28	0	2212	640448.67500	10675087.82404
2020	285	18	28	2	2214	640452.81935	10675090.50136
2020	285	18	28	4	2215	640456.93562	10675093.23483
2020	285	18	28	6	2217	640461.03355	10675095.98115
2020	285	18	28	8	2218	640465.17177	10675098.67494
2020	285	18	28	10	2220	640469.30727	10675101.38182
2020	285	18	28	12	2222	640473.39781	10675104.11894
2020	285	18	28	14	2223	640477.49315	10675106.83859
2020	285	18	28	16	2225	640481.62880	10675109.51143
2020	285	18	28	18	2226	640485.70621	10675112.23007
2020	285	18	28	20	2228	640489.74654	10675114.95568
2020	285	18	28	22	2229	640493.85706	10675117.63860
2020	285	18	28	24	2231	640497.93741	10675120.36036
2020	285	18	28	26	2232	640501.94037	10675123.13090
2020	285	18	28	28	2234	640506.00185	10675125.84273
2020	285	18	28	30	2236	640510.09999	10675128.54715
2020	285	18	28	32	2237	640514.16084	10675131.27230
2020	285	18	28	34	2239	640518.20884	10675133.95606
2020	285	18	28	36	2240	640522.33403	10675136.58741
2020	285	18	28	38	2242	640526.43920	10675139.23541
2020	285	18	28	40	2243	640530.49600	10675141.88862
2020	285	18	28	42	2245	640534.60068	10675144.49836
2020	285	18	28	44	2247	640538.71363	10675147.14690
2020	285	18	28	46	2248	640542.73158	10675149.85877
2020	285	18	28	48	2250	640546.75672	10675152.52538
2020	285	18	28	50	2251	640550.84588	10675155.16758
2020	285	18	28	52	2253	640554.84832	10675157.91619
2020	285	18	28	54	2254	640558.80647	10675160.64784
2020	285	18	28	56	2256	640562.82288	10675163.30454
2020	285	18	28	58	2257	640566.86315	10675165.99923
2020	285	18	29	0	2259	640570.83587	10675168.75079
2020	285	18	29	2	2260	640574.82869	10675171.45327
2020	285	18	29	4	2262	640578.85602	10675174.14314
2020	285	18	29	6	2264	640582.83473	10675176.91159
2020	285	18	29	8	2265	640586.83324	10675179.65226
2020	285	18	29	10	2267	640590.86359	10675182.35546
2020	285	18	29	12	2268	640594.86087	10675185.11886
2020	285	18	29	14	2270	640598.86581	10675187.84954
2020	285	18	29	16	2271	640602.93367	10675190.53379
2020	285	18	29	18	2273	640606.99749	10675193.23889
2020	285	18	29	20	2274	640611.01650	10675195.95274
2020	285	18	29	22	2276	640615.05499	10675198.65759
2020	285	18	29	24	2278	640619.14756	10675201.34511
2020	285	18	29	26	2279	640623.19019	10675204.07067
2020	285	18	29	28	2281	640627.19226	10675206.80848
2020	285	18	29	30	2282	640631.25513	10675209.51960
2020	285	18	29	32	2284	640635.27810	10675212.23229
