YEAR	DAY	HOUR	MINUTE	SECOND	CDP	SOU_X	SOU_Y
2020	284	12	19	34	16	591743.98556	10663139.87000
2020	284	12	19	36	18	591739.82182	10663136.78636
2020	284	12	19	38	21	591735.51273	10663133.72818
2020	284	12	19	40	24	591731.27091	10663130.68091
2020	284	12	19	42	26	591727.15636	10663127.41909
2020	284	12	19	44	29	591722.93273	10663124.25636
2020	284	12	19	46	32	591718.64182	10663121.29182
2020	284	12	19	48	34	591714.36000	10663118.10273
2020	284	12	19	50	37	591710.07727	10663114.95818
2020	284	12	19	52	39	591705.70091	10663112.03455
2020	284	12	19	54	42	591701.27636	10663109.21636
2020	284	12	19	56	45	591696.91273	10663106.19182
2020	284	12	19	58	47	591692.36545	10663103.34000
2020	284	12	20	0	50	591687.81182	10663100.82455
2020	284	12	20	2	53	591683.25727	10663098.26000
2020	284	12	20	4	55	591678.72000	10663095.77909
2020	284	12	20	6	58	591674.12000	10663093.40364
2020	284	12	20	8	60	591669.64000	10663091.03818
2020	284	12	20	10	63	591665.14000	10663088.55727
2020	284	12	20	12	65	591660.58818	10663086.18909
2020	284	12	20	14	68	591656.14727	10663083.66273
2020	284	12	20	16	71	591651.70636	10663081.08364
2020	284	12	20	18	73	591647.19455	10663078.61455
2020	284	12	20	20	76	591642.83545	10663076.01455
2020	284	12	20	22	78	591638.57727	10663073.22364
2020	284	12	20	24	81	591634.30273	10663070.38455
2020	284	12	20	26	83	591630.05000	10663067.53273
2020	284	12	20	28	86	591625.91636	10663064.60000
2020	284	12	20	30	89	591621.69273	10663061.67909
2020	284	12	20	32	91	591617.52091	10663058.78091
2020	284	12	20	34	94	591613.29818	10663055.94636
2020	284	12	20	36	96	591609.06818	10663053.21273
2020	284	12	20	38	99	591604.90000	10663050.36727
2020	284	12	20	40	101	591600.74091	10663047.60091
2020	284	12	20	42	104	591596.58455	10663044.81364
2020	284	12	20	44	106	591592.35909	10663042.13636
2020	284	12	20	46	109	591588.24636	10663039.35091
2020	284	12	20	48	111	591584.16545	10663036.60545
2020	284	12	20	50	114	591580.05818	10663033.82182
2020	284	12	20	52	116	591575.93364	10663031.03545
2020	284	12	20	54	119	591571.84545	10663028.07364
2020	284	12	20	56	121	591567.83818	10663025.12273
2020	284	12	20	58	124	591563.76364	10663022.27818
2020	284	12	21	0	126	591559.79364	10663019.37636
2020	284	12	21	2	128	591555.75909	10663016.42909
2020	284	12	21	4	131	591551.72091	10663013.60364
2020	284	12	21	6	133	591547.56545	10663010.96818
2020	284	12	21	8	136	591543.60364	10663008.01273
2020	284	12	21	10	138	591539.53182	10663005.16273
2020	284	12	21	12	141	591535.35636	10663002.47000
2020	284	12	21	14	143	591531.33000	10662999.65727
2020	284	12	21	16	146	591527.30909	10662996.86636
2020	284	12	21	18	148	591523.18091	10662994.21091
2020	284	12	21	20	151	591518.99455	10662991.58364
2020	284	12	21	22	153	591514.94364	10662988.80727
2020	284	12	21	24	156	591510.80273	10662986.15000
2020	284	12	21	26	158	591506.66545	10662983.44636
2020	284	12	21	28	161	591502.65091	10662980.57000
2020	284	12	21	30	163	591498.69636	10662977.68727
2020	284	12	21	32	165	591494.68636	10662974.94091
2020	284	12	21	34	168	591490.67364	10662972.17636
2020	284	12	21	36	170	591486.69455	10662969.37182
2020	284	12	21	38	173	591482.60727	10662966.82636
2020	284	12	21	40	175	591478.50909	10662964.34091
2020	284	12	21	42	178	591474.38273	10662961.83000
2020	284	12	21	44	180	591470.22818	10662959.40273
2020	284	12	21	46	182	591466.13818	10662956.94636
2020	284	12	21	48	185	591462.14818	10662954.36182
2020	284	12	21	50	187	591458.10000	10662951.83455
2020	284	12	21	52	189	591454.07091	10662949.23727
2020	284	12	21	54	192	591450.09000	10662946.66091
2020	284	12	21	56	194	591446.17273	10662944.05182
2020	284	12	21	58	197	591442.20636	10662941.44091
2020	284	12	22	0	199	591438.18636	10662938.78727
2020	284	12	22	2	201	591434.33091	10662936.07455
2020	284	12	22	4	204	591430.47273	10662933.29909
2020	284	12	22	6	206	591426.58636	10662930.47182
2020	284	12	22	8	209	591422.72182	10662927.60455
2020	284	12	22	10	211	591418.89273	10662924.71182
2020	284	12	22	12	213	591415.12909	10662921.75182
2020	284	12	22	14	216	591411.35182	10662918.81636
2020	284	12	22	16	218	591407.54364	10662915.91545
2020	284	12	22	18	220	591403.72727	10662913.00727
2020	284	12	22	20	223	591399.97364	10662910.13000
2020	284	12	22	22	225	591396.21182	10662907.30182
2020	284	12	22	24	228	591392.32091	10662904.64182
2020	284	12	22	26	230	591388.42545	10662902.07455
2020	284	12	22	28	232	591384.59636	10662899.47818
2020	284	12	22	30	235	591380.75091	10662896.87909
2020	284	12	22	32	237	591376.80636	10662894.45818
2020	284	12	22	34	239	591372.90455	10662892.09273
2020	284	12	22	36	241	591369.05273	10662889.49545
2020	284	12	22	38	244	591365.24818	10662886.79636
2020	284	12	22	40	246	591361.45182	10662884.19636
2020	284	12	22	42	248	591357.78091	10662881.41909
2020	284	12	22	44	251	591354.22364	10662878.42182
2020	284	12	22	46	253	591350.66364	10662875.30273
2020	284	12	22	48	255	591347.16727	10662872.32545
2020	284	12	22	50	258	591343.62545	10662869.39273
2020	284	12	22	52	260	591340.25273	10662866.20545
2020	284	12	22	54	262	591336.72091	10662863.17091
2020	284	12	22	56	265	591333.21273	10662860.43091
2020	284	12	22	58	267	591329.79455	10662857.37909
2020	284	12	23	0	269	591326.34545	10662854.26909
2020	284	12	23	2	271	591322.77909	10662851.42909
2020	284	12	23	4	274	591319.28818	10662848.48091
2020	284	12	23	6	276	591315.76636	10662845.46818
2020	284	12	23	8	278	591312.25818	10662842.61636
2020	284	12	23	10	281	591308.72182	10662839.87364
2020	284	12	23	12	283	591305.16909	10662837.14182
2020	284	12	23	14	285	591301.56818	10662834.56273
2020	284	12	23	16	287	591297.95636	10662832.04455
2020	284	12	23	18	289	591294.40455	10662829.55182
2020	284	12	23	20	292	591290.68636	10662827.22091
2020	284	12	23	22	294	591286.98273	10662824.88818
2020	284	12	23	24	296	591283.34182	10662822.50091
2020	284	12	23	26	298	591279.57727	10662820.26818
2020	284	12	23	28	300	591275.79364	10662818.10818
2020	284	12	23	30	303	591271.95818	10662815.82727
2020	284	12	23	32	305	591268.12455	10662813.65818
2020	284	12	23	34	307	591264.24636	10662811.58818
2020	284	12	23	36	309	591260.35545	10662809.37636
2020	284	12	23	38	311	591256.40455	10662807.29545
2020	284	12	23	40	314	591252.39000	10662805.34727
2020	284	12	23	42	316	591248.42182	10662803.48545
2020	284	12	23	44	318	591244.39909	10662801.53636
2020	284	12	23	46	320	591240.34909	10662799.66455
2020	284	12	23	48	323	591236.31636	10662797.72909
2020	284	12	23	50	325	591232.31818	10662795.71273
2020	284	12	23	52	327	591228.31091	10662793.61909
2020	284	12	23	54	329	591224.31636	10662791.52818
2020	284	12	23	56	332	591220.31818	10662789.37727
2020	284	12	23	58	334	591216.34364	10662787.13818
2020	284	12	24	0	336	591212.40000	10662784.74727
2020	284	12	24	2	338	591208.48545	10662782.27000
2020	284	12	24	4	341	591204.50455	10662779.76636
2020	284	12	24	6	343	591200.58182	10662777.07273
2020	284	12	24	8	346	591196.74909	10662774.31909
2020	284	12	24	10	348	591192.71636	10662771.77182
2020	284	12	24	12	350	591188.74273	10662769.11727
2020	284	12	24	14	353	591184.80273	10662766.31545
2020	284	12	24	16	355	591180.82000	10662763.57091
2020	284	12	24	18	358	591176.82273	10662760.76091
2020	284	12	24	20	360	591172.89909	10662757.76455
2020	284	12	24	22	363	591168.94000	10662754.83818
2020	284	12	24	24	365	591164.88909	10662751.97909
2020	284	12	24	26	367	591160.86909	10662749.10727
2020	284	12	24	28	370	591156.75909	10662746.29091
2020	284	12	24	30	372	591152.59000	10662743.67455
2020	284	12	24	32	375	591148.43364	10662741.03273
2020	284	12	24	34	377	591144.20636	10662738.46000
2020	284	12	24	36	380	591139.93364	10662736.06273
2020	284	12	24	38	382	591135.64818	10662733.60091
2020	284	12	24	40	385	591131.32273	10662731.15455
2020	284	12	24	42	387	591126.85545	10662729.01727
2020	284	12	24	44	390	591122.45182	10662726.63455
2020	284	12	24	46	392	591118.01545	10662724.21909
2020	284	12	24	48	395	591113.47091	10662722.04727
2020	284	12	24	50	397	591108.92455	10662719.83545
2020	284	12	24	52	400	591104.45818	10662717.56727
2020	284	12	24	54	402	591099.88091	10662715.31818
2020	284	12	24	56	405	591095.19727	10662713.40818
2020	284	12	24	58	407	591090.65455	10662711.30273
2020	284	12	25	0	410	591086.01636	10662709.18182
2020	284	12	25	2	413	591081.35455	10662707.20909
2020	284	12	25	4	415	591076.59545	10662705.22727
2020	284	12	25	6	418	591071.94000	10662703.14909
2020	284	12	25	8	420	591067.27727	10662700.99455
2020	284	12	25	10	423	591062.59818	10662698.85364
2020	284	12	25	12	425	591057.93273	10662696.61818
2020	284	12	25	14	428	591053.33182	10662694.23545
2020	284	12	25	16	431	591048.84909	10662691.67545
2020	284	12	25	18	433	591044.27455	10662689.13182
2020	284	12	25	20	436	591039.81636	10662686.46273
2020	284	12	25	22	438	591035.47273	10662683.64000
2020	284	12	25	24	441	591031.33000	10662680.71455
2020	284	12	25	26	443	591026.97091	10662677.83091
2020	284	12	25	28	446	591022.72636	10662674.75000
2020	284	12	25	30	449	591018.55182	10662671.66636
2020	284	12	25	32	451	591014.41182	10662668.58182
2020	284	12	25	34	454	591010.19636	10662665.38364
2020	284	12	25	36	457	591005.91182	10662662.17909
2020	284	12	25	38	459	591001.83000	10662658.95364
2020	284	12	25	40	462	590997.71727	10662655.68091
2020	284	12	25	42	465	590993.61273	10662652.26273
2020	284	12	25	44	467	590989.39545	10662649.03909
2020	284	12	25	46	470	590985.26364	10662645.84182
2020	284	12	25	48	472	590981.03000	10662642.68182
2020	284	12	25	50	475	590976.72000	10662639.62636
2020	284	12	25	52	478	590972.38818	10662636.61727
2020	284	12	25	54	480	590968.07364	10662633.70273
2020	284	12	25	56	483	590963.68545	10662630.76636
2020	284	12	25	58	486	590959.32273	10662627.80364
2020	284	12	26	0	488	590954.95727	10662624.79455
2020	284	12	26	2	491	590950.52909	10662622.00273
2020	284	12	26	4	493	590946.13273	10662619.12727
2020	284	12	26	6	496	590941.74091	10662616.16909
2020	284	12	26	8	499	590937.26636	10662613.42091
2020	284	12	26	10	501	590932.89000	10662610.65636
2020	284	12	26	12	504	590928.58182	10662607.71545
2020	284	12	26	14	507	590924.15545	10662604.93455
2020	284	12	26	16	509	590919.83636	10662602.34545
2020	284	12	26	18	512	590915.52636	10662599.56091
2020	284	12	26	20	514	590911.22455	10662596.75455
2020	284	12	26	22	517	590906.79273	10662594.27455
2020	284	12	26	24	519	590902.41182	10662591.71909
2020	284	12	26	26	522	590898.13455	10662588.90455
2020	284	12	26	28	524	590893.85455	10662586.07455
2020	284	12	26	30	527	590889.66636	10662583.39000
2020	284	12	26	32	529	590885.51909	10662580.68000
2020	284	12	26	34	532	590881.52182	10662577.75818
2020	284	12	26	36	534	590877.47909	10662574.87636
2020	284	12	26	38	537	590873.41182	10662572.10636
2020	284	12	26	40	539	590869.37273	10662569.27091
2020	284	12	26	42	542	590865.32000	10662566.38818
2020	284	12	26	44	544	590861.25455	10662563.44364
2020	284	12	26	46	547	590857.11273	10662560.74727
2020	284	12	26	48	549	590852.99727	10662558.09727
2020	284	12	26	50	552	590848.86636	10662555.47636
2020	284	12	26	52	554	590844.74091	10662552.83545
2020	284	12	26	54	557	590840.49727	10662550.40909
2020	284	12	26	56	559	590836.27182	10662547.86909
2020	284	12	26	58	561	590832.05727	10662545.26545
2020	284	12	27	0	564	590827.82273	10662542.69364
2020	284	12	27	2	566	590823.58091	10662540.20545
2020	284	12	27	4	569	590819.38727	10662537.57636
2020	284	12	27	6	571	590815.22727	10662534.96909
2020	284	12	27	8	574	590811.05000	10662532.43091
2020	284	12	27	10	576	590806.87636	10662529.88818
2020	284	12	27	12	579	590802.79818	10662527.17364
2020	284	12	27	14	581	590798.66091	10662524.61182
2020	284	12	27	16	583	590794.50273	10662522.17545
2020	284	12	27	18	586	590790.40182	10662519.59909
2020	284	12	27	20	588	590786.25727	10662516.97091
2020	284	12	27	22	591	590782.06727	10662514.52364
2020	284	12	27	24	593	590777.84545	10662512.15727
2020	284	12	27	26	596	590773.73636	10662509.42636
2020	284	12	27	28	598	590769.55182	10662506.85909
2020	284	12	27	30	601	590765.33455	10662504.48182
2020	284	12	27	32	603	590761.27545	10662501.91545
2020	284	12	27	34	605	590757.32545	10662499.09545
2020	284	12	27	36	608	590753.16818	10662496.52273
2020	284	12	27	38	610	590749.12545	10662493.81455
2020	284	12	27	40	613	590745.17364	10662490.92455
2020	284	12	27	42	615	590741.15364	10662488.07545
2020	284	12	27	44	618	590737.05727	10662485.46182
2020	284	12	27	46	620	590733.04000	10662482.69909
2020	284	12	27	48	622	590729.12273	10662479.95455
2020	284	12	27	50	625	590725.09364	10662477.33273
2020	284	12	27	52	627	590721.08364	10662474.70000
2020	284	12	27	54	630	590717.15909	10662471.89818
2020	284	12	27	56	632	590713.15182	10662469.24364
2020	284	12	27	58	634	590709.12545	10662466.57364
2020	284	12	28	0	637	590705.17273	10662463.81727
2020	284	12	28	2	639	590701.17909	10662461.09909
2020	284	12	28	4	642	590697.24636	10662458.35182
2020	284	12	28	6	644	590693.22909	10662455.68455
2020	284	12	28	8	647	590689.31000	10662452.82545
2020	284	12	28	10	649	590685.26909	10662450.08909
2020	284	12	28	12	651	590681.28364	10662447.30455
2020	284	12	28	14	654	590677.28273	10662444.51273
2020	284	12	28	16	656	590673.23727	10662441.83727
2020	284	12	28	18	659	590669.36909	10662438.97636
2020	284	12	28	20	661	590665.46182	10662436.19182
2020	284	12	28	22	663	590661.44182	10662433.51909
2020	284	12	28	24	666	590657.53182	10662430.84909
2020	284	12	28	26	668	590653.65091	10662428.09909
2020	284	12	28	28	671	590649.69182	10662425.42000
2020	284	12	28	30	673	590645.58273	10662422.90182
2020	284	12	28	32	675	590641.62182	10662420.36727
2020	284	12	28	34	678	590637.70545	10662417.63818
2020	284	12	28	36	680	590633.72273	10662414.97000
2020	284	12	28	38	683	590629.70182	10662412.37636
2020	284	12	28	40	685	590625.78909	10662409.55455
2020	284	12	28	42	687	590621.95727	10662406.59909
2020	284	12	28	44	690	590618.07182	10662403.74727
2020	284	12	28	46	692	590614.13455	10662400.98000
2020	284	12	28	48	695	590610.34364	10662398.03636
2020	284	12	28	50	697	590606.43545	10662395.27727
2020	284	12	28	52	699	590602.42636	10662392.62727
2020	284	12	28	54	702	590598.45364	10662389.90091
2020	284	12	28	56	704	590594.50182	10662387.10455
2020	284	12	28	58	707	590590.43545	10662384.38182
2020	284	12	29	0	709	590586.40455	10662381.68273
2020	284	12	29	2	712	590582.48273	10662378.88727
2020	284	12	29	4	714	590578.45455	10662376.19182
2020	284	12	29	6	716	590574.41455	10662373.56455
2020	284	12	29	8	719	590570.38273	10662370.96727
2020	284	12	29	10	721	590566.38909	10662368.25182
2020	284	12	29	12	724	590562.31273	10662365.64636
2020	284	12	29	14	726	590558.25364	10662363.06091
2020	284	12	29	16	728	590554.25909	10662360.43182
2020	284	12	29	18	731	590550.24636	10662357.76455
2020	284	12	29	20	733	590546.14000	10662355.26364
2020	284	12	29	22	736	590542.04182	10662352.80182
2020	284	12	29	24	738	590537.99273	10662350.28727
2020	284	12	29	26	740	590533.94364	10662347.71545
2020	284	12	29	28	743	590529.86545	10662345.19273
2020	284	12	29	30	745	590525.80727	10662342.64455
2020	284	12	29	32	748	590521.83727	10662339.92182
2020	284	12	29	34	750	590517.78545	10662337.26273
2020	284	12	29	36	752	590513.73545	10662334.62273
2020	284	12	29	38	755	590509.67273	10662332.08182
2020	284	12	29	40	757	590505.66182	10662329.43545
2020	284	12	29	42	760	590501.49909	10662326.96545
2020	284	12	29	44	762	590497.35545	10662324.55182
2020	284	12	29	46	764	590493.25727	10662322.13273
2020	284	12	29	48	767	590489.09909	10662319.74727
2020	284	12	29	50	769	590484.87000	10662317.43091
2020	284	12	29	52	772	590480.74545	10662315.09364
2020	284	12	29	54	774	590476.67364	10662312.73364
2020	284	12	29	56	776	590472.48727	10662310.35545
2020	284	12	29	58	779	590468.41909	10662307.92000
2020	284	12	30	0	781	590464.32455	10662305.47273
2020	284	12	30	2	783	590460.23909	10662302.98636
2020	284	12	30	4	786	590456.09455	10662300.52000
2020	284	12	30	6	788	590452.02000	10662297.91364
2020	284	12	30	8	791	590447.86364	10662295.38636
2020	284	12	30	10	793	590443.80091	10662292.71727
2020	284	12	30	12	796	590439.81000	10662289.97455
2020	284	12	30	14	798	590435.79727	10662287.30909
2020	284	12	30	16	800	590431.70636	10662284.64727
2020	284	12	30	18	803	590427.71909	10662281.87909
2020	284	12	30	20	805	590423.66727	10662279.13545
2020	284	12	30	22	808	590419.55364	10662276.57636
2020	284	12	30	24	810	590415.44273	10662273.97091
2020	284	12	30	26	813	590411.40364	10662271.32727
2020	284	12	30	28	815	590407.29364	10662268.74455
2020	284	12	30	30	817	590403.13273	10662266.31727
2020	284	12	30	32	820	590399.07818	10662263.75545
2020	284	12	30	34	822	590394.93364	10662261.22364
2020	284	12	30	36	825	590390.77727	10662258.74364
2020	284	12	30	38	827	590386.72182	10662256.25273
2020	284	12	30	40	829	590382.66091	10662253.68636
2020	284	12	30	42	832	590378.51636	10662251.23818
2020	284	12	30	44	834	590374.48182	10662248.71545
2020	284	12	30	46	837	590370.47364	10662246.13091
2020	284	12	30	48	839	590366.28909	10662243.71636
2020	284	12	30	50	841	590362.21545	10662241.19818
2020	284	12	30	52	844	590358.17909	10662238.61545
2020	284	12	30	54	846	590354.16273	10662236.09909
2020	284	12	30	56	849	590350.06636	10662233.68000
2020	284	12	30	58	851	590346.00727	10662231.16909
2020	284	12	31	0	853	590342.06273	10662228.49455
2020	284	12	31	2	856	590338.01273	10662226.07364
2020	284	12	31	4	858	590334.02000	10662223.45909
2020	284	12	31	6	861	590329.97273	10662220.80727
2020	284	12	31	8	863	590325.98455	10662218.16636
2020	284	12	31	10	865	590321.97818	10662215.63273
2020	284	12	31	12	868	590317.97909	10662213.04091
2020	284	12	31	14	870	590313.99364	10662210.34727
2020	284	12	31	16	872	590309.96636	10662207.83364
2020	284	12	31	18	875	590306.02909	10662205.14545
2020	284	12	31	20	877	590302.11818	10662202.49273
2020	284	12	31	22	880	590298.16182	10662199.85727
2020	284	12	31	24	882	590294.20545	10662197.18909
2020	284	12	31	26	884	590290.27000	10662194.54818
2020	284	12	31	28	887	590286.20455	10662192.04909
2020	284	12	31	30	889	590282.09909	10662189.46818
2020	284	12	31	32	892	590278.06455	10662186.87273
2020	284	12	31	34	894	590274.00727	10662184.42364
2020	284	12	31	36	896	590269.87818	10662182.00091
2020	284	12	31	38	899	590265.79909	10662179.46000
2020	284	12	31	40	901	590261.79273	10662176.88182
2020	284	12	31	42	903	590257.79636	10662174.27273
2020	284	12	31	44	906	590253.69182	10662171.68182
2020	284	12	31	46	908	590249.68273	10662168.91909
2020	284	12	31	48	911	590245.69273	10662166.18727
2020	284	12	31	50	913	590241.60818	10662163.62091
2020	284	12	31	52	916	590237.51182	10662161.06455
2020	284	12	31	54	918	590233.41727	10662158.46273
2020	284	12	31	56	920	590229.35727	10662155.97909
2020	284	12	31	58	923	590225.16273	10662153.73545
2020	284	12	32	0	925	590221.09182	10662151.21091
2020	284	12	32	2	928	590216.99455	10662148.76455
2020	284	12	32	4	930	590212.89727	10662146.31182
2020	284	12	32	6	932	590208.83818	10662143.83909
2020	284	12	32	8	935	590204.87364	10662141.17273
2020	284	12	32	10	937	590200.83091	10662138.59364
2020	284	12	32	12	939	590196.79545	10662136.02091
2020	284	12	32	14	942	590192.86364	10662133.31455
2020	284	12	32	16	944	590188.88545	10662130.66455
2020	284	12	32	18	947	590184.87182	10662128.00000
2020	284	12	32	20	949	590180.80273	10662125.44545
2020	284	12	32	22	951	590176.92273	10662122.70364
2020	284	12	32	24	954	590172.98545	10662119.93455
2020	284	12	32	26	956	590168.96182	10662117.32909
2020	284	12	32	28	959	590165.04364	10662114.62182
2020	284	12	32	30	961	590161.21727	10662111.67818
2020	284	12	32	32	963	590157.36000	10662108.82545
2020	284	12	32	34	966	590153.43727	10662106.04909
2020	284	12	32	36	968	590149.58364	10662103.13364
2020	284	12	32	38	971	590145.70273	10662100.20364
2020	284	12	32	40	973	590141.72364	10662097.60273
2020	284	12	32	42	975	590137.71000	10662094.96364
2020	284	12	32	44	978	590133.78364	10662092.13273
2020	284	12	32	46	980	590129.79364	10662089.48455
2020	284	12	32	48	983	590125.78545	10662086.89000
2020	284	12	32	50	985	590121.86545	10662084.15909
2020	284	12	32	52	987	590117.98909	10662081.28636
2020	284	12	32	54	990	590114.06727	10662078.58091
2020	284	12	32	56	992	590110.12273	10662075.88818
2020	284	12	32	58	995	590106.21455	10662073.09091
2020	284	12	33	0	997	590102.40545	10662070.15909
2020	284	12	33	2	999	590098.38455	10662067.59364
2020	284	12	33	4	1002	590094.45000	10662064.89000
2020	284	12	33	6	1004	590090.51727	10662062.12909
2020	284	12	33	8	1007	590086.57273	10662059.44545
2020	284	12	33	10	1009	590082.51636	10662056.93818
2020	284	12	33	12	1011	590078.50818	10662054.34273
2020	284	12	33	14	1014	590074.55455	10662051.64000
2020	284	12	33	16	1016	590070.45273	10662049.15455
2020	284	12	33	18	1019	590066.47182	10662046.46273
2020	284	12	33	20	1021	590062.48364	10662043.78364
2020	284	12	33	22	1023	590058.45818	10662041.14091
2020	284	12	33	24	1026	590054.41091	10662038.49818
2020	284	12	33	26	1028	590050.39364	10662035.81909
2020	284	12	33	28	1031	590046.37000	10662033.28455
2020	284	12	33	30	1033	590042.28909	10662030.76636
2020	284	12	33	32	1035	590038.20273	10662028.19182
2020	284	12	33	34	1038	590034.10909	10662025.59455
2020	284	12	33	36	1040	590030.00364	10662023.09091
2020	284	12	33	38	1043	590025.94727	10662020.47545
2020	284	12	33	40	1045	590021.93455	10662017.77364
2020	284	12	33	42	1048	590017.86091	10662015.12818
2020	284	12	33	44	1050	590013.89455	10662012.41545
2020	284	12	33	46	1052	590009.93273	10662009.79455
2020	284	12	33	48	1055	590005.94818	10662007.04000
2020	284	12	33	50	1057	590001.88000	10662004.46818
2020	284	12	33	52	1060	589997.88000	10662001.81182
2020	284	12	33	54	1062	589993.91364	10661999.12636
2020	284	12	33	56	1064	589989.95000	10661996.37091
2020	284	12	33	58	1067	589985.94545	10661993.70000
2020	284	12	34	0	1069	589981.98273	10661991.00727
2020	284	12	34	2	1072	589978.08909	10661988.22727
2020	284	12	34	4	1074	589974.09909	10661985.57818
2020	284	12	34	6	1076	589970.03909	10661983.04545
2020	284	12	34	8	1079	589965.96909	10661980.55545
2020	284	12	34	10	1081	589961.95455	10661977.93182
2020	284	12	34	12	1083	589957.86636	10661975.39182
2020	284	12	34	14	1086	589953.83636	10661972.93909
2020	284	12	34	16	1088	589949.78000	10661970.45636
2020	284	12	34	18	1091	589945.73636	10661967.77818
2020	284	12	34	20	1093	589941.77909	10661965.07364
2020	284	12	34	22	1095	589937.74455	10661962.41545
2020	284	12	34	24	1098	589933.66727	10661959.64364
2020	284	12	34	26	1100	589929.69364	10661956.76455
2020	284	12	34	28	1103	589925.72727	10661953.97545
2020	284	12	34	30	1105	589921.67455	10661951.25000
2020	284	12	34	32	1108	589917.62364	10661948.62455
2020	284	12	34	34	1110	589913.58727	10661945.93727
2020	284	12	34	36	1113	589909.51273	10661943.32727
2020	284	12	34	38	1115	589905.43000	10661940.83364
2020	284	12	34	40	1117	589901.40727	10661938.16909
2020	284	12	34	42	1120	589897.35364	10661935.53727
2020	284	12	34	44	1122	589893.27364	10661932.92909
2020	284	12	34	46	1125	589889.17091	10661930.35727
2020	284	12	34	48	1127	589885.09455	10661927.75273
2020	284	12	34	50	1129	589880.94455	10661925.19455
2020	284	12	34	52	1132	589876.74727	10661922.79545
2020	284	12	34	54	1134	589872.61182	10661920.25636
2020	284	12	34	56	1137	589868.56455	10661917.63727
2020	284	12	34	58	1139	589864.46091	10661915.05636
2020	284	12	35	0	1142	589860.38545	10661912.43636
2020	284	12	35	2	1144	589856.40364	10661909.66727
2020	284	12	35	4	1146	589852.38909	10661906.86636
2020	284	12	35	6	1149	589848.25818	10661904.29818
2020	284	12	35	8	1151	589844.21364	10661901.70182
2020	284	12	35	10	1154	589840.19909	10661899.00273
2020	284	12	35	12	1156	589836.07091	10661896.52545
2020	284	12	35	14	1158	589831.92727	10661894.17364
2020	284	12	35	16	1161	589827.83818	10661891.73909
2020	284	12	35	18	1163	589823.77273	10661889.22000
2020	284	12	35	20	1166	589819.70636	10661886.80364
2020	284	12	35	22	1168	589815.69091	10661884.32636
2020	284	12	35	24	1170	589811.67000	10661881.82000
2020	284	12	35	26	1173	589807.70273	10661879.21182
2020	284	12	35	28	1175	589803.81909	10661876.57091
2020	284	12	35	30	1177	589799.84000	10661874.04636
2020	284	12	35	32	1180	589795.94091	10661871.40182
2020	284	12	35	34	1182	589792.11091	10661868.57000
2020	284	12	35	36	1185	589788.20455	10661865.86545
2020	284	12	35	38	1187	589784.32909	10661863.19000
2020	284	12	35	40	1189	589780.53909	10661860.20909
2020	284	12	35	42	1192	589776.69636	10661857.31545
2020	284	12	35	44	1194	589772.78545	10661854.55545
2020	284	12	35	46	1196	589768.88091	10661851.80455
2020	284	12	35	48	1199	589764.99818	10661848.97273
2020	284	12	35	50	1201	589760.97273	10661846.33182
2020	284	12	35	52	1204	589756.90818	10661843.81545
2020	284	12	35	54	1206	589752.88909	10661841.25545
2020	284	12	35	56	1208	589748.76818	10661838.81636
2020	284	12	35	58	1211	589744.78455	10661836.21818
2020	284	12	36	0	1213	589740.67364	10661833.81818
2020	284	12	36	2	1216	589736.60364	10661831.40818
2020	284	12	36	4	1218	589732.62909	10661828.76727
2020	284	12	36	6	1220	589728.63182	10661826.19909
2020	284	12	36	8	1223	589724.61273	10661823.80818
2020	284	12	36	10	1225	589720.58818	10661821.17182
2020	284	12	36	12	1227	589716.62091	10661818.53727
2020	284	12	36	14	1230	589712.61818	10661815.95545
2020	284	12	36	16	1232	589708.56818	10661813.44909
2020	284	12	36	18	1235	589704.58727	10661810.72545
2020	284	12	36	20	1237	589700.61636	10661808.00455
2020	284	12	36	22	1239	589696.58273	10661805.52455
2020	284	12	36	24	1242	589692.59545	10661802.89364
2020	284	12	36	26	1244	589688.57364	10661800.30636
2020	284	12	36	28	1247	589684.48909	10661797.82727
2020	284	12	36	30	1249	589680.35273	10661795.49273
2020	284	12	36	32	1251	589676.23727	10661793.02909
2020	284	12	36	34	1254	589672.10909	10661790.57909
2020	284	12	36	36	1256	589667.97545	10661788.18273
2020	284	12	36	38	1259	589663.84273	10661785.69727
2020	284	12	36	40	1261	589659.76091	10661783.12455
2020	284	12	36	42	1263	589655.73364	10661780.50909
2020	284	12	36	44	1266	589651.71909	10661777.88636
2020	284	12	36	46	1268	589647.69000	10661775.21545
2020	284	12	36	48	1271	589643.66091	10661772.53455
2020	284	12	36	50	1273	589639.62818	10661769.95909
2020	284	12	36	52	1275	589635.53000	10661767.50000
2020	284	12	36	54	1278	589631.38000	10661765.07273
2020	284	12	36	56	1280	589627.28273	10661762.51364
2020	284	12	36	58	1283	589623.06727	10661760.21364
2020	284	12	37	0	1285	589618.95909	10661757.76182
2020	284	12	37	2	1287	589614.89364	10661755.21636
2020	284	12	37	4	1290	589610.74182	10661752.71000
2020	284	12	37	6	1292	589606.63727	10661750.31273
2020	284	12	37	8	1295	589602.60273	10661747.77364
2020	284	12	37	10	1297	589598.57545	10661745.29091
2020	284	12	37	12	1299	589594.45727	10661742.82364
2020	284	12	37	14	1302	589590.38545	10661740.34545
2020	284	12	37	16	1304	589586.42182	10661737.77636
2020	284	12	37	18	1306	589582.32818	10661735.29182
2020	284	12	37	20	1309	589578.30182	10661732.73727
2020	284	12	37	22	1311	589574.22091	10661730.18545
2020	284	12	37	24	1314	589570.15727	10661727.68273
2020	284	12	37	26	1316	589566.16909	10661725.02182
2020	284	12	37	28	1318	589562.11727	10661722.42818
2020	284	12	37	30	1321	589558.03909	10661719.88636
2020	284	12	37	32	1323	589553.95364	10661717.39818
2020	284	12	37	34	1326	589549.95455	10661714.77909
2020	284	12	37	36	1328	589545.87909	10661712.31909
2020	284	12	37	38	1330	589541.71636	10661709.94909
2020	284	12	37	40	1333	589537.64636	10661707.53364
2020	284	12	37	42	1335	589533.59545	10661705.08727
2020	284	12	37	44	1338	589529.47364	10661702.71364
2020	284	12	37	46	1340	589525.37273	10661700.32545
2020	284	12	37	48	1342	589521.32636	10661697.85182
2020	284	12	37	50	1345	589517.21636	10661695.46000
2020	284	12	37	52	1347	589513.12455	10661692.99091
2020	284	12	37	54	1349	589509.06455	10661690.49091
2020	284	12	37	56	1352	589505.01091	10661687.99273
2020	284	12	37	58	1354	589500.91091	10661685.46364
2020	284	12	38	0	1357	589496.95182	10661682.80364
2020	284	12	38	2	1359	589492.97727	10661680.13091
2020	284	12	38	4	1361	589488.98909	10661677.44364
2020	284	12	38	6	1364	589485.12636	10661674.63636
2020	284	12	38	8	1366	589481.25273	10661671.88545
2020	284	12	38	10	1369	589477.45455	10661669.03182
2020	284	12	38	12	1371	589473.55727	10661666.38545
2020	284	12	38	14	1373	589469.70727	10661663.70091
2020	284	12	38	16	1376	589465.82182	10661661.01273
2020	284	12	38	18	1378	589461.92909	10661658.40091
2020	284	12	38	20	1380	589457.99364	10661655.83000
2020	284	12	38	22	1383	589454.02364	10661653.25818
2020	284	12	38	24	1385	589450.21727	10661650.55818
2020	284	12	38	26	1387	589446.38545	10661647.89727
2020	284	12	38	28	1390	589442.53727	10661645.26818
2020	284	12	38	30	1392	589438.74909	10661642.60636
2020	284	12	38	32	1394	589434.98545	10661639.91727
2020	284	12	38	34	1397	589431.19727	10661637.18455
2020	284	12	38	36	1399	589427.35545	10661634.60000
2020	284	12	38	38	1401	589423.57909	10661631.93000
2020	284	12	38	40	1404	589419.74182	10661629.24182
2020	284	12	38	42	1406	589415.84727	10661626.69455
2020	284	12	38	44	1408	589411.97182	10661624.12545
2020	284	12	38	46	1411	589408.08000	10661621.54455
2020	284	12	38	48	1413	589404.19091	10661618.93909
2020	284	12	38	50	1415	589400.28000	10661616.44273
2020	284	12	38	52	1418	589396.34727	10661613.89091
2020	284	12	38	54	1420	589392.40818	10661611.30182
2020	284	12	38	56	1422	589388.53636	10661608.60364
2020	284	12	38	58	1425	589384.64000	10661606.01545
2020	284	12	39	0	1427	589380.61727	10661603.33000
2020	284	12	39	2	1429	589376.69455	10661600.60545
2020	284	12	39	4	1432	589372.73182	10661597.94545
2020	284	12	39	6	1434	589368.74727	10661595.44273
2020	284	12	39	8	1437	589364.72273	10661592.94909
2020	284	12	39	10	1439	589360.72636	10661590.37091
2020	284	12	39	12	1441	589356.71000	10661588.01455
2020	284	12	39	14	1444	589352.70364	10661585.59818
2020	284	12	39	16	1446	589348.74909	10661582.99455
2020	284	12	39	18	1448	589344.74818	10661580.49364
2020	284	12	39	20	1451	589340.77545	10661577.97000
2020	284	12	39	22	1453	589336.85364	10661575.37364
2020	284	12	39	24	1455	589332.98182	10661572.63273
2020	284	12	39	26	1458	589329.02636	10661570.08273
2020	284	12	39	28	1460	589325.24909	10661567.31636
2020	284	12	39	30	1462	589321.42909	10661564.53818
2020	284	12	39	32	1465	589317.54182	10661561.85182
2020	284	12	39	34	1467	589313.61182	10661559.28273
2020	284	12	39	36	1470	589309.70727	10661556.68818
2020	284	12	39	38	1472	589305.77909	10661554.13545
2020	284	12	39	40	1474	589301.74545	10661551.73000
2020	284	12	39	42	1477	589297.82455	10661549.23455
2020	284	12	39	44	1479	589293.87455	10661546.72273
2020	284	12	39	46	1481	589290.03273	10661544.08636
2020	284	12	39	48	1484	589286.16364	10661541.44909
2020	284	12	39	50	1486	589282.30000	10661538.84818
2020	284	12	39	52	1488	589278.49091	10661536.12000
2020	284	12	39	54	1491	589274.73182	10661533.36273
2020	284	12	39	56	1493	589270.97000	10661530.63000
2020	284	12	39	58	1495	589267.14091	10661527.94182
2020	284	12	40	0	1498	589263.34818	10661525.24909
2020	284	12	40	2	1500	589259.55909	10661522.51545
2020	284	12	40	4	1502	589255.70636	10661519.88364
2020	284	12	40	6	1505	589251.81545	10661517.21182
2020	284	12	40	8	1507	589247.94364	10661514.59091
2020	284	12	40	10	1509	589244.08909	10661511.92091
2020	284	12	40	12	1512	589240.14455	10661509.32455
2020	284	12	40	14	1514	589236.25727	10661506.64455
2020	284	12	40	16	1516	589232.40636	10661503.93091
2020	284	12	40	18	1519	589228.50364	10661501.34182
2020	284	12	40	20	1521	589224.56000	10661498.71636
2020	284	12	40	22	1523	589220.70636	10661496.05091
2020	284	12	40	24	1526	589216.78091	10661493.43000
2020	284	12	40	26	1528	589212.72455	10661491.08364
2020	284	12	40	28	1530	589208.79455	10661488.42909
2020	284	12	40	30	1533	589204.76273	10661485.90636
2020	284	12	40	32	1535	589200.61182	10661483.57273
2020	284	12	40	34	1538	589196.51818	10661481.24273
2020	284	12	40	36	1540	589192.47364	10661478.62545
2020	284	12	40	38	1542	589188.35182	10661476.17000
2020	284	12	40	40	1545	589184.19364	10661473.88364
2020	284	12	40	42	1547	589180.16000	10661471.37364
2020	284	12	40	44	1550	589176.07727	10661468.76636
2020	284	12	40	46	1552	589171.89455	10661466.45000
2020	284	12	40	48	1554	589167.76818	10661464.05364
2020	284	12	40	50	1557	589163.62636	10661461.68818
2020	284	12	40	52	1559	589159.48909	10661459.30909
2020	284	12	40	54	1561	589155.32818	10661456.95545
2020	284	12	40	56	1564	589151.23545	10661454.57364
2020	284	12	40	58	1566	589147.20182	10661452.04909
2020	284	12	41	0	1569	589143.17364	10661449.59000
2020	284	12	41	2	1571	589139.13545	10661447.09091
2020	284	12	41	4	1573	589135.22273	10661444.37364
2020	284	12	41	6	1576	589131.23727	10661441.80909
2020	284	12	41	8	1578	589127.30545	10661439.20364
2020	284	12	41	10	1580	589123.33000	10661436.52636
2020	284	12	41	12	1583	589119.38091	10661433.81909
2020	284	12	41	14	1585	589115.39091	10661431.23818
2020	284	12	41	16	1588	589111.45091	10661428.58000
2020	284	12	41	18	1590	589107.49364	10661425.84636
2020	284	12	41	20	1592	589103.45455	10661423.25273
2020	284	12	41	22	1595	589099.51091	10661420.58455
2020	284	12	41	24	1597	589095.59636	10661417.83091
2020	284	12	41	26	1600	589091.57909	10661415.22545
2020	284	12	41	28	1602	589087.53636	10661412.64636
2020	284	12	41	30	1604	589083.56909	10661410.03000
2020	284	12	41	32	1607	589079.55000	10661407.47000
2020	284	12	41	34	1609	589075.42273	10661404.98727
2020	284	12	41	36	1612	589071.33000	10661402.56727
2020	284	12	41	38	1614	589067.35364	10661399.85909
2020	284	12	41	40	1616	589063.33364	10661397.21545
2020	284	12	41	42	1619	589059.32273	10661394.55182
2020	284	12	41	44	1621	589055.36273	10661391.89273
2020	284	12	41	46	1624	589051.45364	10661389.15000
2020	284	12	41	48	1626	589047.46909	10661386.38909
2020	284	12	41	50	1628	589043.43545	10661383.84909
2020	284	12	41	52	1631	589039.37909	10661381.35091
2020	284	12	41	54	1633	589035.35909	10661378.73000
2020	284	12	41	56	1636	589031.29545	10661376.19091
2020	284	12	41	58	1638	589027.21818	10661373.65727
2020	284	12	42	0	1640	589023.14545	10661371.18909
2020	284	12	42	2	1643	589019.13727	10661368.58727
2020	284	12	42	4	1645	589015.09455	10661365.94182
2020	284	12	42	6	1648	589011.04818	10661363.35000
2020	284	12	42	8	1650	589006.99182	10661360.74182
2020	284	12	42	10	1652	589002.96364	10661358.19273
2020	284	12	42	12	1655	588998.96364	10661355.59455
2020	284	12	42	14	1657	588994.96091	10661352.91909
2020	284	12	42	16	1659	588990.89636	10661350.38091
2020	284	12	42	18	1662	588986.83455	10661347.91091
2020	284	12	42	20	1664	588982.73727	10661345.41273
2020	284	12	42	22	1667	588978.67455	10661342.79909
2020	284	12	42	24	1669	588974.50909	10661340.32545
2020	284	12	42	26	1671	588970.39273	10661337.87091
2020	284	12	42	28	1674	588966.33182	10661335.23000
2020	284	12	42	30	1676	588962.34455	10661332.52818
2020	284	12	42	32	1679	588958.24455	10661330.08182
2020	284	12	42	34	1681	588954.16909	10661327.54909
2020	284	12	42	36	1684	588950.16182	10661324.90455
2020	284	12	42	38	1686	588946.12909	10661322.39091
2020	284	12	42	40	1688	588941.95545	10661320.12000
2020	284	12	42	42	1691	588937.88091	10661317.64091
2020	284	12	42	44	1693	588933.85818	10661315.13091
2020	284	12	42	46	1695	588929.70727	10661312.86000
2020	284	12	42	48	1698	588925.59273	10661310.55000
2020	284	12	42	50	1700	588921.59000	10661308.01455
2020	284	12	42	52	1702	588917.57091	10661305.52000
2020	284	12	42	54	1705	588913.53182	10661303.11273
2020	284	12	42	56	1707	588909.59909	10661300.57545
2020	284	12	42	58	1710	588905.64273	10661297.99545
2020	284	12	43	0	1712	588901.64455	10661295.45000
2020	284	12	43	2	1714	588897.70364	10661292.81545
2020	284	12	43	4	1717	588893.83727	10661290.10273
2020	284	12	43	6	1719	588889.88818	10661287.35182
2020	284	12	43	8	1721	588886.05727	10661284.60182
2020	284	12	43	10	1724	588882.27545	10661281.65727
2020	284	12	43	12	1726	588878.47182	10661278.69545
2020	284	12	43	14	1729	588874.64182	10661275.79273
2020	284	12	43	16	1731	588870.90091	10661272.67182
2020	284	12	43	18	1733	588867.14455	10661269.63091
2020	284	12	43	20	1736	588863.19909	10661266.76000
2020	284	12	43	22	1738	588859.28545	10661263.99636
2020	284	12	43	24	1741	588855.40727	10661261.16636
2020	284	12	43	26	1743	588851.32364	10661258.67818
2020	284	12	43	28	1745	588847.20364	10661256.27000
2020	284	12	43	30	1748	588843.13273	10661253.73909
2020	284	12	43	32	1750	588839.11636	10661251.22091
2020	284	12	43	34	1753	588834.95818	10661248.84364
2020	284	12	43	36	1755	588830.89909	10661246.36364
2020	284	12	43	38	1757	588826.79909	10661243.85727
2020	284	12	43	40	1760	588822.65273	10661241.46455
2020	284	12	43	42	1762	588818.48455	10661239.06818
2020	284	12	43	44	1765	588814.42636	10661236.56455
2020	284	12	43	46	1767	588810.38727	10661234.03000
2020	284	12	43	48	1769	588806.38545	10661231.55727
2020	284	12	43	50	1772	588802.44182	10661228.92455
2020	284	12	43	52	1774	588798.56455	10661226.16364
2020	284	12	43	54	1776	588794.59818	10661223.51273
2020	284	12	43	56	1779	588790.59727	10661220.95455
2020	284	12	43	58	1781	588786.53636	10661218.37636
2020	284	12	44	0	1784	588782.51909	10661215.90000
2020	284	12	44	2	1786	588778.51000	10661213.27818
2020	284	12	44	4	1788	588774.44455	10661210.77909
2020	284	12	44	6	1791	588770.40818	10661208.18000
2020	284	12	44	8	1793	588766.55182	10661205.32455
2020	284	12	44	10	1796	588762.60545	10661202.52000
2020	284	12	44	12	1798	588758.56455	10661199.90182
2020	284	12	44	14	1800	588754.63545	10661197.12000
2020	284	12	44	16	1803	588750.74364	10661194.33636
2020	284	12	44	18	1805	588746.82000	10661191.62909
2020	284	12	44	20	1808	588742.78545	10661188.95182
2020	284	12	44	22	1810	588738.77636	10661186.28545
2020	284	12	44	24	1812	588734.85909	10661183.54364
2020	284	12	44	26	1815	588730.84818	10661180.85091
2020	284	12	44	28	1817	588726.79727	10661178.20909
2020	284	12	44	30	1820	588722.69818	10661175.67364
2020	284	12	44	32	1822	588718.73636	10661172.97727
2020	284	12	44	34	1824	588714.72818	10661170.29818
2020	284	12	44	36	1827	588710.56273	10661167.86727
2020	284	12	44	38	1829	588706.49364	10661165.40364
2020	284	12	44	40	1832	588702.44000	10661162.86636
2020	284	12	44	42	1834	588698.33909	10661160.54091
2020	284	12	44	44	1836	588694.18273	10661158.19182
2020	284	12	44	46	1839	588690.03182	10661155.90091
2020	284	12	44	48	1841	588685.96091	10661153.49545
2020	284	12	44	50	1844	588681.83455	10661150.94182
2020	284	12	44	52	1846	588677.76364	10661148.51000
2020	284	12	44	54	1848	588673.65000	10661145.90818
2020	284	12	44	56	1851	588669.59364	10661143.29545
2020	284	12	44	58	1853	588665.56727	10661140.50182
2020	284	12	45	0	1856	588661.49818	10661137.98455
2020	284	12	45	2	1858	588657.53000	10661135.34545
2020	284	12	45	4	1860	588653.43273	10661132.72364
2020	284	12	45	6	1863	588649.33545	10661130.22545
2020	284	12	45	8	1865	588645.32455	10661127.69818
2020	284	12	45	10	1868	588641.20455	10661125.23091
2020	284	12	45	12	1870	588637.01818	10661122.81727
2020	284	12	45	14	1872	588632.80182	10661120.39091
2020	284	12	45	16	1875	588628.68455	10661117.84364
2020	284	12	45	18	1877	588624.50455	10661115.46909
2020	284	12	45	20	1880	588620.26455	10661113.14273
2020	284	12	45	22	1882	588616.12545	10661110.64364
2020	284	12	45	24	1885	588611.94273	10661108.25182
2020	284	12	45	26	1887	588607.80091	10661105.83727
2020	284	12	45	28	1889	588603.61636	10661103.45364
2020	284	12	45	30	1892	588599.53364	10661100.93182
2020	284	12	45	32	1894	588595.35818	10661098.59455
2020	284	12	45	34	1897	588591.16727	10661096.23636
2020	284	12	45	36	1899	588587.07273	10661093.80364
2020	284	12	45	38	1901	588582.96182	10661091.31455
2020	284	12	45	40	1904	588578.81182	10661088.87273
2020	284	12	45	42	1906	588574.74455	10661086.30000
2020	284	12	45	44	1909	588570.76364	10661083.55727
2020	284	12	45	46	1911	588566.72091	10661080.94545
2020	284	12	45	48	1913	588562.67000	10661078.42364
2020	284	12	45	50	1916	588558.68182	10661075.64364
2020	284	12	45	52	1918	588554.66455	10661072.89909
2020	284	12	45	54	1921	588550.72545	10661070.16545
2020	284	12	45	56	1923	588546.72091	10661067.45000
2020	284	12	45	58	1925	588542.70818	10661064.58455
2020	284	12	46	0	1928	588538.74364	10661061.82273
2020	284	12	46	2	1930	588534.75636	10661059.24818
2020	284	12	46	4	1933	588530.72364	10661056.57000
2020	284	12	46	6	1935	588526.67000	10661053.97545
2020	284	12	46	8	1938	588522.62364	10661051.38909
2020	284	12	46	10	1940	588518.55545	10661048.80909
2020	284	12	46	12	1942	588514.49727	10661046.25000
2020	284	12	46	14	1945	588510.35545	10661043.81000
2020	284	12	46	16	1947	588506.29000	10661041.24091
2020	284	12	46	18	1950	588502.22909	10661038.65636
2020	284	12	46	20	1952	588498.23182	10661036.03455
2020	284	12	46	22	1954	588494.17273	10661033.43182
2020	284	12	46	24	1957	588490.25273	10661030.58000
2020	284	12	46	26	1959	588486.26455	10661027.82818
2020	284	12	46	28	1962	588482.31455	10661025.10818
2020	284	12	46	30	1964	588478.35091	10661022.45091
2020	284	12	46	32	1966	588474.42091	10661019.64727
2020	284	12	46	34	1969	588470.48545	10661016.83636
2020	284	12	46	36	1971	588466.46636	10661014.28909
2020	284	12	46	38	1974	588462.58455	10661011.58727
2020	284	12	46	40	1976	588458.66091	10661008.78455
2020	284	12	46	42	1978	588454.67545	10661006.15364
2020	284	12	46	44	1981	588450.65273	10661003.65273
2020	284	12	46	46	1983	588446.76182	10661000.93091
2020	284	12	46	48	1985	588442.83000	10660998.22909
2020	284	12	46	50	1988	588438.71182	10660995.84545
2020	284	12	46	52	1990	588434.76273	10660993.18727
2020	284	12	46	54	1993	588430.91182	10660990.41545
2020	284	12	46	56	1995	588426.93727	10660987.85000
2020	284	12	46	58	1997	588422.94182	10660985.29909
2020	284	12	47	0	2000	588419.04000	10660982.60818
2020	284	12	47	2	2002	588415.12091	10660980.00636
2020	284	12	47	4	2004	588411.06091	10660977.59818
2020	284	12	47	6	2007	588407.03091	10660975.10909
2020	284	12	47	8	2009	588403.03364	10660972.54727
2020	284	12	47	10	2012	588398.94000	10660970.08909
2020	284	12	47	12	2014	588394.86091	10660967.59909
2020	284	12	47	14	2016	588390.77727	10660965.08182
2020	284	12	47	16	2019	588386.69364	10660962.59000
2020	284	12	47	18	2021	588382.58182	10660960.15818
2020	284	12	47	20	2024	588378.47545	10660957.66455
2020	284	12	47	22	2026	588374.35909	10660955.23182
2020	284	12	47	24	2028	588370.28273	10660952.74909
2020	284	12	47	26	2031	588366.17182	10660950.28364
2020	284	12	47	28	2033	588362.01545	10660947.87909
2020	284	12	47	30	2035	588357.92818	10660945.44000
2020	284	12	47	32	2038	588353.86636	10660942.92818
2020	284	12	47	34	2040	588349.76273	10660940.51727
2020	284	12	47	36	2043	588345.60091	10660938.10000
2020	284	12	47	38	2045	588341.62000	10660935.47273
2020	284	12	47	40	2047	588337.57364	10660932.98273
2020	284	12	47	42	2050	588333.49182	10660930.54364
2020	284	12	47	44	2052	588329.40000	10660928.03455
2020	284	12	47	46	2055	588325.44727	10660925.30818
2020	284	12	47	48	2057	588321.50909	10660922.64545
2020	284	12	47	50	2059	588317.48727	10660920.03818
2020	284	12	47	52	2062	588313.55091	10660917.30455
2020	284	12	47	54	2064	588309.63818	10660914.50091
2020	284	12	47	56	2067	588305.77636	10660911.71909
2020	284	12	47	58	2069	588301.72636	10660909.22091
2020	284	12	48	0	2071	588297.75182	10660906.57182
2020	284	12	48	2	2074	588293.82182	10660903.85273
2020	284	12	48	4	2076	588289.83091	10660901.29273
2020	284	12	48	6	2078	588285.78818	10660898.76273
2020	284	12	48	8	2081	588281.79909	10660896.24455
2020	284	12	48	10	2083	588277.85364	10660893.60818
2020	284	12	48	12	2086	588273.86182	10660891.01727
2020	284	12	48	14	2088	588269.79273	10660888.48091
2020	284	12	48	16	2090	588265.74182	10660885.92455
2020	284	12	48	18	2093	588261.75182	10660883.38909
2020	284	12	48	20	2095	588257.62818	10660880.84818
2020	284	12	48	22	2098	588253.48455	10660878.39455
2020	284	12	48	24	2100	588249.42545	10660875.90636
2020	284	12	48	26	2102	588245.36182	10660873.47000
2020	284	12	48	28	2105	588241.23273	10660871.07273
2020	284	12	48	30	2107	588237.14273	10660868.71909
2020	284	12	48	32	2109	588233.03000	10660866.37364
2020	284	12	48	34	2112	588228.87909	10660864.04818
2020	284	12	48	36	2114	588224.77636	10660861.67545
2020	284	12	48	38	2117	588220.68091	10660859.24818
2020	284	12	48	40	2119	588216.53273	10660856.92545
2020	284	12	48	42	2121	588212.38364	10660854.48455
2020	284	12	48	44	2124	588208.33455	10660852.01091
2020	284	12	48	46	2126	588204.25545	10660849.60727
2020	284	12	48	48	2128	588200.16364	10660847.21182
2020	284	12	48	50	2131	588196.11091	10660844.68273
2020	284	12	48	52	2133	588192.08818	10660842.10818
2020	284	12	48	54	2136	588188.01182	10660839.64818
2020	284	12	48	56	2138	588184.00909	10660837.03000
2020	284	12	48	58	2140	588179.96909	10660834.34545
2020	284	12	49	0	2143	588175.98182	10660831.64000
2020	284	12	49	2	2145	588172.03091	10660828.96182
2020	284	12	49	4	2148	588168.10000	10660826.21818
2020	284	12	49	6	2150	588164.19273	10660823.38545
2020	284	12	49	8	2152	588160.23000	10660820.59545
2020	284	12	49	10	2155	588156.32818	10660817.83000
2020	284	12	49	12	2157	588152.38182	10660815.10182
2020	284	12	49	14	2160	588148.49182	10660812.44636
2020	284	12	49	16	2162	588144.58636	10660809.66364
2020	284	12	49	18	2164	588140.56636	10660807.04727
2020	284	12	49	20	2167	588136.58273	10660804.33636
2020	284	12	49	22	2169	588132.64182	10660801.50818
2020	284	12	49	24	2172	588128.60273	10660798.59000
2020	284	12	49	26	2174	588124.60364	10660795.89000
2020	284	12	49	28	2177	588120.67545	10660792.94455
2020	284	12	49	30	2179	588116.80455	10660789.96818
2020	284	12	49	32	2181	588112.78909	10660787.25091
2020	284	12	49	34	2184	588108.80091	10660784.44455
2020	284	12	49	36	2186	588104.84636	10660781.56909
2020	284	12	49	38	2189	588100.87273	10660778.79364
2020	284	12	49	40	2191	588096.73000	10660776.26273
2020	284	12	49	42	2194	588092.69273	10660773.52727
2020	284	12	49	44	2196	588088.65455	10660770.82182
2020	284	12	49	46	2198	588084.57545	10660768.20909
2020	284	12	49	48	2201	588080.50364	10660765.56545
2020	284	12	49	50	2203	588076.43091	10660762.83364
2020	284	12	49	52	2206	588072.37000	10660760.16000
2020	284	12	49	54	2208	588068.31364	10660757.52182
2020	284	12	49	56	2211	588064.18273	10660754.91364
2020	284	12	49	58	2213	588060.12364	10660752.17818
2020	284	12	50	0	2215	588056.22636	10660749.38000
2020	284	12	50	2	2218	588052.19727	10660746.63091
2020	284	12	50	4	2220	588048.25182	10660743.80182
2020	284	12	50	6	2223	588044.34545	10660740.96000
2020	284	12	50	8	2225	588040.46182	10660738.12364
2020	284	12	50	10	2228	588036.43545	10660735.40727
2020	284	12	50	12	2230	588032.45364	10660732.63182
2020	284	12	50	14	2232	588028.67545	10660729.69636
2020	284	12	50	16	2235	588024.71182	10660726.83273
2020	284	12	50	18	2237	588020.78727	10660723.95909
2020	284	12	50	20	2240	588016.96273	10660720.98091
2020	284	12	50	22	2242	588013.15091	10660717.95000
2020	284	12	50	24	2245	588009.26909	10660715.01364
2020	284	12	50	26	2247	588005.30364	10660712.11364
2020	284	12	50	28	2249	588001.46182	10660709.16545
2020	284	12	50	30	2252	587997.58909	10660706.24273
2020	284	12	50	32	2254	587993.56455	10660703.58636
2020	284	12	50	34	2257	587989.51909	10660700.95545
2020	284	12	50	36	2259	587985.47091	10660698.29455
2020	284	12	50	38	2262	587981.53000	10660695.65727
2020	284	12	50	40	2264	587977.37727	10660693.14545
2020	284	12	50	42	2266	587973.28364	10660690.55364
2020	284	12	50	44	2269	587969.29909	10660687.86000
2020	284	12	50	46	2271	587965.33091	10660685.19818
2020	284	12	50	48	2274	587961.27909	10660682.57364
2020	284	12	50	50	2276	587957.31273	10660679.81273
2020	284	12	50	52	2278	587953.41636	10660677.11182
2020	284	12	50	54	2281	587949.49545	10660674.32182
2020	284	12	50	56	2283	587945.61727	10660671.43091
2020	284	12	50	58	2286	587941.71000	10660668.55636
2020	284	12	51	0	2288	587937.75455	10660665.83364
2020	284	12	51	2	2290	587933.80273	10660663.08545
2020	284	12	51	4	2293	587929.89636	10660660.25909
2020	284	12	51	6	2295	587925.84909	10660657.65091
2020	284	12	51	8	2298	587921.76545	10660655.14818
2020	284	12	51	10	2300	587917.69273	10660652.62182
2020	284	12	51	12	2302	587913.63091	10660650.03818
2020	284	12	51	14	2305	587909.52182	10660647.55091
2020	284	12	51	16	2307	587905.48000	10660644.97818
2020	284	12	51	18	2310	587901.41455	10660642.43182
2020	284	12	51	20	2312	587897.42727	10660639.74091
2020	284	12	51	22	2314	587893.44909	10660637.03091
2020	284	12	51	24	2317	587889.44636	10660634.39273
2020	284	12	51	26	2319	587885.41455	10660631.80182
2020	284	12	51	28	2322	587881.49091	10660629.11182
2020	284	12	51	30	2324	587877.42909	10660626.58545
2020	284	12	51	32	2326	587873.31545	10660624.16909
2020	284	12	51	34	2329	587869.29909	10660621.66727
2020	284	12	51	36	2331	587865.19364	10660619.17909
2020	284	12	51	38	2334	587861.05273	10660616.82636
2020	284	12	51	40	2336	587857.04909	10660614.30818
2020	284	12	51	42	2338	587853.15091	10660611.66909
2020	284	12	51	44	2341	587849.12545	10660609.13455
2020	284	12	51	46	2343	587845.18364	10660606.66727
2020	284	12	51	48	2345	587841.23636	10660603.98364
2020	284	12	51	50	2348	587837.24636	10660601.40273
2020	284	12	51	52	2350	587833.18455	10660598.86455
2020	284	12	51	54	2352	587829.22818	10660596.22818
2020	284	12	51	56	2355	587825.30000	10660593.58818
2020	284	12	51	58	2357	587821.38636	10660590.79091
2020	284	12	52	0	2360	587817.43636	10660588.15364
2020	284	12	52	2	2362	587813.48636	10660585.52000
2020	284	12	52	4	2364	587809.62000	10660582.84909
2020	284	12	52	6	2367	587805.66818	10660580.22818
2020	284	12	52	8	2369	587801.63273	10660577.71727
2020	284	12	52	10	2371	587797.72091	10660575.09818
2020	284	12	52	12	2374	587793.89000	10660572.32909
2020	284	12	52	14	2376	587789.90182	10660569.75818
2020	284	12	52	16	2379	587785.93182	10660567.10273
2020	284	12	52	18	2381	587782.09818	10660564.34455
2020	284	12	52	20	2383	587778.17091	10660561.70545
2020	284	12	52	22	2386	587774.14091	10660559.17636
2020	284	12	52	24	2388	587770.22909	10660556.49636
2020	284	12	52	26	2390	587766.32455	10660553.77182
2020	284	12	52	28	2393	587762.43364	10660551.12182
2020	284	12	52	30	2395	587758.49091	10660548.43091
2020	284	12	52	32	2398	587754.56455	10660545.73455
2020	284	12	52	34	2400	587750.65909	10660542.92818
2020	284	12	52	36	2402	587746.69818	10660540.40909
2020	284	12	52	38	2405	587742.70909	10660537.82455
2020	284	12	52	40	2407	587738.68182	10660535.34909
2020	284	12	52	42	2409	587734.68182	10660532.90545
2020	284	12	52	44	2412	587730.65636	10660530.57909
2020	284	12	52	46	2414	587726.52909	10660528.28545
2020	284	12	52	48	2416	587722.45182	10660525.88364
2020	284	12	52	50	2419	587718.40455	10660523.46909
2020	284	12	52	52	2421	587714.37455	10660521.12818
2020	284	12	52	54	2424	587710.32091	10660518.70000
2020	284	12	52	56	2426	587706.25091	10660516.22909
2020	284	12	52	58	2428	587702.20727	10660513.80455
2020	284	12	53	0	2431	587698.11636	10660511.51636
2020	284	12	53	2	2433	587694.03364	10660509.09545
2020	284	12	53	4	2435	587689.88273	10660506.68273
2020	284	12	53	6	2438	587685.81000	10660504.41364
2020	284	12	53	8	2440	587681.73818	10660502.15182
2020	284	12	53	10	2442	587677.75273	10660499.65091
2020	284	12	53	12	2445	587673.77545	10660497.10000
2020	284	12	53	14	2447	587669.79364	10660494.70091
2020	284	12	53	16	2449	587665.89364	10660492.03182
2020	284	12	53	18	2452	587662.06000	10660489.24273
2020	284	12	53	20	2454	587658.24545	10660486.49182
2020	284	12	53	22	2456	587654.32727	10660483.93636
2020	284	12	53	24	2459	587650.49818	10660481.18455
2020	284	12	53	26	2461	587646.64727	10660478.41091
2020	284	12	53	28	2464	587642.74727	10660475.86636
2020	284	12	53	30	2466	587638.92636	10660473.20727
2020	284	12	53	32	2468	587635.05364	10660470.53818
2020	284	12	53	34	2471	587631.20455	10660467.81273
2020	284	12	53	36	2473	587627.32727	10660465.20636
2020	284	12	53	38	2475	587623.47818	10660462.58909
2020	284	12	53	40	2478	587619.60545	10660459.87182
2020	284	12	53	42	2480	587615.69455	10660457.26455
2020	284	12	53	44	2482	587611.76909	10660454.69455
2020	284	12	53	46	2485	587607.89818	10660452.11364
2020	284	12	53	48	2487	587604.03273	10660449.44364
2020	284	12	53	50	2489	587600.08727	10660446.85364
2020	284	12	53	52	2492	587596.18727	10660444.24818
2020	284	12	53	54	2494	587592.34818	10660441.51273
2020	284	12	53	56	2496	587588.46545	10660438.90909
2020	284	12	53	58	2499	587584.58636	10660436.26455
2020	284	12	54	0	2501	587580.76909	10660433.42727
2020	284	12	54	2	2503	587576.90273	10660430.70909
2020	284	12	54	4	2506	587572.96091	10660428.14000
2020	284	12	54	6	2508	587569.09545	10660425.43000
2020	284	12	54	8	2511	587565.14273	10660422.82182
2020	284	12	54	10	2513	587561.11545	10660420.43182
2020	284	12	54	12	2515	587557.06636	10660418.10909
2020	284	12	54	14	2518	587553.15364	10660415.58545
2020	284	12	54	16	2520	587549.12818	10660413.15818
2020	284	12	54	18	2522	587545.04455	10660410.86727
2020	284	12	54	20	2525	587541.04000	10660408.35818
2020	284	12	54	22	2527	587537.05818	10660405.80818
2020	284	12	54	24	2529	587533.01455	10660403.30091
2020	284	12	54	26	2532	587528.93727	10660400.85545
2020	284	12	54	28	2534	587524.91909	10660398.25818
2020	284	12	54	30	2537	587520.87545	10660395.77455
2020	284	12	54	32	2539	587516.85727	10660393.26182
2020	284	12	54	34	2541	587512.77727	10660390.76455
2020	284	12	54	36	2544	587508.69909	10660388.32636
2020	284	12	54	38	2546	587504.67000	10660385.84000
2020	284	12	54	40	2548	587500.61727	10660383.37455
2020	284	12	54	42	2551	587496.48909	10660380.94545
2020	284	12	54	44	2553	587492.41727	10660378.51636
2020	284	12	54	46	2556	587488.35727	10660376.01000
2020	284	12	54	48	2558	587484.26182	10660373.44545
2020	284	12	54	50	2560	587480.21909	10660370.97727
2020	284	12	54	52	2563	587476.20909	10660368.44000
2020	284	12	54	54	2565	587472.21000	10660365.89273
2020	284	12	54	56	2567	587468.22545	10660363.33182
2020	284	12	54	58	2570	587464.23182	10660360.85273
2020	284	12	55	0	2572	587460.21000	10660358.35182
2020	284	12	55	2	2575	587456.21000	10660355.81727
2020	284	12	55	4	2577	587452.24182	10660353.19636
2020	284	12	55	6	2579	587448.24182	10660350.61818
2020	284	12	55	8	2582	587444.25545	10660348.06636
2020	284	12	55	10	2584	587440.30818	10660345.41091
2020	284	12	55	12	2586	587436.37455	10660342.69545
2020	284	12	55	14	2589	587432.40000	10660340.03636
2020	284	12	55	16	2591	587428.42364	10660337.44909
2020	284	12	55	18	2594	587424.50182	10660334.74909
2020	284	12	55	20	2596	587420.62545	10660331.95636
2020	284	12	55	22	2598	587416.61727	10660329.33545
2020	284	12	55	24	2601	587412.65545	10660326.65636
2020	284	12	55	26	2603	587408.71545	10660323.90273
2020	284	12	55	28	2606	587404.74455	10660321.21818
2020	284	12	55	30	2608	587400.74545	10660318.55909
2020	284	12	55	32	2610	587396.74182	10660315.89727
2020	284	12	55	34	2613	587392.75545	10660313.21364
2020	284	12	55	36	2615	587388.71636	10660310.67273
2020	284	12	55	38	2618	587384.62545	10660308.09727
2020	284	12	55	40	2620	587380.68182	10660305.33182
2020	284	12	55	42	2622	587376.59818	10660302.83455
2020	284	12	55	44	2625	587372.52273	10660300.24545
2020	284	12	55	46	2627	587368.54182	10660297.59818
2020	284	12	55	48	2630	587364.47000	10660295.02818
2020	284	12	55	50	2632	587360.35364	10660292.57091
2020	284	12	55	52	2634	587356.20455	10660290.18545
2020	284	12	55	54	2637	587352.16364	10660287.64727
2020	284	12	55	56	2639	587347.96818	10660285.38091
2020	284	12	55	58	2642	587343.83000	10660282.99727
2020	284	12	56	0	2644	587339.74455	10660280.50909
2020	284	12	56	2	2646	587335.61545	10660278.07727
2020	284	12	56	4	2649	587331.46000	10660275.70455
2020	284	12	56	6	2651	587327.37000	10660273.28364
2020	284	12	56	8	2653	587323.31364	10660270.81000
2020	284	12	56	10	2656	587319.11909	10660268.45455
2020	284	12	56	12	2658	587315.00000	10660266.06182
2020	284	12	56	14	2661	587310.87364	10660263.65818
2020	284	12	56	16	2663	587306.79273	10660261.13091
2020	284	12	56	18	2665	587302.64545	10660258.68091
2020	284	12	56	20	2668	587298.52091	10660256.24364
2020	284	12	56	22	2670	587294.48545	10660253.62727
2020	284	12	56	24	2673	587290.45364	10660250.98727
2020	284	12	56	26	2675	587286.33000	10660248.53636
2020	284	12	56	28	2677	587282.24545	10660245.96455
2020	284	12	56	30	2680	587278.28182	10660243.26818
2020	284	12	56	32	2682	587274.15364	10660240.85545
2020	284	12	56	34	2685	587269.98727	10660238.60091
2020	284	12	56	36	2687	587265.94091	10660236.11000
2020	284	12	56	38	2689	587261.84909	10660233.64364
2020	284	12	56	40	2692	587257.65545	10660231.37091
2020	284	12	56	42	2694	587253.54636	10660228.98818
2020	284	12	56	44	2697	587249.65455	10660226.21636
2020	284	12	56	46	2699	587245.67182	10660223.59909
2020	284	12	56	48	2701	587241.60364	10660220.98455
2020	284	12	56	50	2704	587237.72364	10660218.22091
2020	284	12	56	52	2706	587233.89182	10660215.41818
2020	284	12	56	54	2708	587229.97273	10660212.73182
2020	284	12	56	56	2711	587225.95000	10660210.21364
2020	284	12	56	58	2713	587222.04909	10660207.53636
2020	284	12	57	0	2715	587218.20727	10660205.02636
2020	284	12	57	2	2718	587214.25455	10660202.47727
2020	284	12	57	4	2720	587210.20909	10660199.99909
2020	284	12	57	6	2723	587206.35182	10660197.33909
2020	284	12	57	8	2725	587202.49091	10660194.66909
2020	284	12	57	10	2727	587198.61364	10660192.07091
2020	284	12	57	12	2730	587194.72545	10660189.26636
2020	284	12	57	14	2732	587190.98455	10660186.41182
2020	284	12	57	16	2734	587187.26636	10660183.51455
2020	284	12	57	18	2737	587183.52636	10660180.64182
2020	284	12	57	20	2739	587179.77273	10660177.67909
2020	284	12	57	22	2741	587176.09091	10660174.68455
2020	284	12	57	24	2744	587172.30091	10660171.90818
2020	284	12	57	26	2746	587168.49182	10660169.08727
2020	284	12	57	28	2749	587164.67818	10660166.30455
2020	284	12	57	30	2751	587160.86273	10660163.46909
2020	284	12	57	32	2753	587156.96727	10660160.81273
2020	284	12	57	34	2756	587153.02727	10660158.20000
2020	284	12	57	36	2758	587149.23455	10660155.37091
2020	284	12	57	38	2760	587145.33545	10660152.71636
2020	284	12	57	40	2763	587141.33000	10660150.26636
2020	284	12	57	42	2765	587137.39909	10660147.69545
2020	284	12	57	44	2767	587133.49273	10660145.08545
2020	284	12	57	46	2770	587129.39818	10660142.77000
2020	284	12	57	48	2772	587125.36636	10660140.47727
2020	284	12	57	50	2774	587121.38909	10660137.98182
2020	284	12	57	52	2777	587117.34000	10660135.54909
2020	284	12	57	54	2779	587113.32091	10660133.14818
2020	284	12	57	56	2781	587109.36000	10660130.60000
2020	284	12	57	58	2784	587105.38455	10660127.96364
2020	284	12	58	0	2786	587101.34364	10660125.49727
2020	284	12	58	2	2789	587097.37545	10660122.97273
2020	284	12	58	4	2791	587093.35909	10660120.41545
2020	284	12	58	6	2793	587089.27909	10660118.00273
2020	284	12	58	8	2796	587085.26727	10660115.53909
2020	284	12	58	10	2798	587081.17364	10660113.17818
2020	284	12	58	12	2800	587077.05273	10660110.80182
2020	284	12	58	14	2803	587072.97455	10660108.49545
2020	284	12	58	16	2805	587068.97000	10660106.13545
2020	284	12	58	18	2807	587064.90818	10660103.76818
2020	284	12	58	20	2810	587060.87545	10660101.37364
2020	284	12	58	22	2812	587056.91727	10660098.89364
2020	284	12	58	24	2814	587052.95545	10660096.34909
2020	284	12	58	26	2817	587048.96818	10660093.79909
2020	284	12	58	28	2819	587044.98818	10660091.36545
2020	284	12	58	30	2822	587041.04182	10660088.79273
2020	284	12	58	32	2824	587037.06455	10660086.29000
2020	284	12	58	34	2826	587033.10091	10660083.76091
2020	284	12	58	36	2829	587029.13909	10660081.22727
2020	284	12	58	38	2831	587025.26000	10660078.51455
2020	284	12	58	40	2833	587021.33364	10660075.78727
2020	284	12	58	42	2836	587017.40727	10660073.11091
2020	284	12	58	44	2838	587013.53000	10660070.30545
2020	284	12	58	46	2841	587009.63364	10660067.57091
2020	284	12	58	48	2843	587005.75455	10660064.87455
2020	284	12	58	50	2845	587001.72000	10660062.32636
2020	284	12	58	52	2848	586997.80727	10660059.56182
2020	284	12	58	54	2850	586993.74727	10660057.04000
2020	284	12	58	56	2852	586989.64273	10660054.57182
2020	284	12	58	58	2855	586985.50091	10660052.04909
2020	284	12	59	0	2857	586981.41000	10660049.56364
2020	284	12	59	2	2860	586977.23636	10660047.12091
2020	284	12	59	4	2862	586973.13545	10660044.72636
2020	284	12	59	6	2864	586969.04636	10660042.20000
2020	284	12	59	8	2867	586964.92545	10660039.69818
2020	284	12	59	10	2869	586960.77727	10660037.20091
2020	284	12	59	12	2872	586956.69273	10660034.64818
2020	284	12	59	14	2874	586952.57455	10660032.13000
2020	284	12	59	16	2877	586948.46909	10660029.58909
2020	284	12	59	18	2879	586944.37364	10660027.02545
2020	284	12	59	20	2881	586940.22909	10660024.47818
2020	284	12	59	22	2884	586936.15091	10660021.90636
2020	284	12	59	24	2886	586932.04364	10660019.33273
2020	284	12	59	26	2889	586927.92182	10660016.71545
2020	284	12	59	28	2891	586923.63545	10660014.25273
2020	284	12	59	30	2894	586919.50727	10660011.67273
2020	284	12	59	32	2896	586915.34273	10660009.14455
2020	284	12	59	34	2898	586911.08727	10660006.69091
2020	284	12	59	36	2901	586906.86455	10660004.23818
2020	284	12	59	38	2903	586902.63818	10660001.78091
2020	284	12	59	40	2906	586898.44818	10659999.25455
2020	284	12	59	42	2908	586894.14909	10659996.86091
2020	284	12	59	44	2911	586889.88455	10659994.44455
2020	284	12	59	46	2913	586885.61273	10659992.02818
2020	284	12	59	48	2916	586881.31545	10659989.63545
2020	284	12	59	50	2918	586877.03545	10659987.32182
2020	284	12	59	52	2920	586872.75636	10659985.06909
2020	284	12	59	54	2923	586868.53818	10659982.70364
2020	284	12	59	56	2925	586864.26818	10659980.45091
2020	284	12	59	58	2928	586860.03818	10659978.33273
2020	284	13	0	0	2930	586855.87727	10659976.01182
2020	284	13	0	2	2932	586851.74455	10659973.60273
2020	284	13	0	4	2935	586847.59455	10659971.13000
2020	284	13	0	6	2937	586843.48636	10659968.69091
2020	284	13	0	8	2940	586839.45636	10659965.99909
2020	284	13	0	10	2942	586835.47455	10659963.24091
2020	284	13	0	12	2945	586831.37636	10659960.59727
2020	284	13	0	14	2947	586827.34273	10659957.95000
2020	284	13	0	16	2949	586823.37000	10659955.18000
2020	284	13	0	18	2952	586819.43545	10659952.28636
2020	284	13	0	20	2954	586815.51364	10659949.49909
2020	284	13	0	22	2957	586811.65273	10659946.61364
2020	284	13	0	24	2959	586807.77727	10659943.63636
2020	284	13	0	26	2961	586803.82727	10659940.71727
2020	284	13	0	28	2964	586799.92273	10659937.77636
2020	284	13	0	30	2966	586795.92636	10659934.99545
2020	284	13	0	32	2969	586791.87818	10659932.16364
2020	284	13	0	34	2971	586787.91727	10659929.42091
2020	284	13	0	36	2974	586783.84636	10659926.74636
2020	284	13	0	38	2976	586779.90636	10659923.92727
2020	284	13	0	40	2979	586775.91364	10659921.17455
2020	284	13	0	42	2981	586771.88273	10659918.39545
2020	284	13	0	44	2983	586767.88727	10659915.67000
2020	284	13	0	46	2986	586763.95182	10659912.80182
2020	284	13	0	48	2988	586759.96909	10659910.12000
2020	284	13	0	50	2991	586755.90909	10659907.57545
2020	284	13	0	52	2993	586751.96182	10659904.85636
2020	284	13	0	54	2995	586748.00000	10659902.21000
2020	284	13	0	56	2998	586743.98909	10659899.66909
2020	284	13	0	58	3000	586739.99545	10659897.14636
2020	284	13	1	0	3003	586736.02455	10659894.43727
2020	284	13	1	2	3005	586732.02364	10659891.77909
2020	284	13	1	4	3007	586727.98545	10659889.16000
2020	284	13	1	6	3010	586724.00818	10659886.56818
2020	284	13	1	8	3012	586720.02455	10659883.67091
2020	284	13	1	10	3015	586716.07636	10659880.91545
2020	284	13	1	12	3017	586712.08545	10659878.27182
2020	284	13	1	14	3019	586708.16545	10659875.47909
2020	284	13	1	16	3022	586704.29091	10659872.58455
2020	284	13	1	18	3024	586700.29091	10659869.87455
2020	284	13	1	20	3027	586696.28545	10659867.24000
2020	284	13	1	22	3029	586692.40000	10659864.37455
2020	284	13	1	24	3031	586688.45909	10659861.60364
2020	284	13	1	26	3034	586684.42273	10659858.99273
2020	284	13	1	28	3036	586680.40364	10659856.41091
2020	284	13	1	30	3039	586676.51727	10659853.70727
2020	284	13	1	32	3041	586672.54091	10659851.09364
2020	284	13	1	34	3043	586668.48818	10659848.56727
2020	284	13	1	36	3046	586664.56273	10659845.91364
2020	284	13	1	38	3048	586660.63455	10659843.15364
2020	284	13	1	40	3051	586656.65273	10659840.52091
2020	284	13	1	42	3053	586652.66182	10659837.90091
2020	284	13	1	44	3055	586648.73727	10659835.14545
2020	284	13	1	46	3058	586644.71182	10659832.54636
2020	284	13	1	48	3060	586640.69455	10659829.96364
2020	284	13	1	50	3063	586636.72000	10659827.25545
2020	284	13	1	52	3065	586632.73909	10659824.57818
2020	284	13	1	54	3067	586628.67455	10659822.06182
2020	284	13	1	56	3070	586624.71364	10659819.29182
2020	284	13	1	58	3072	586620.71182	10659816.61273
2020	284	13	2	0	3075	586616.68727	10659814.02636
2020	284	13	2	2	3077	586612.64636	10659811.47818
2020	284	13	2	4	3079	586608.60727	10659808.75818
2020	284	13	2	6	3082	586604.56545	10659806.10455
2020	284	13	2	8	3084	586600.51545	10659803.50545
2020	284	13	2	10	3087	586596.41000	10659800.76273
2020	284	13	2	12	3089	586592.44727	10659797.89455
2020	284	13	2	14	3092	586588.40091	10659795.13909
2020	284	13	2	16	3094	586584.36182	10659792.46727
2020	284	13	2	18	3096	586580.35364	10659789.81455
2020	284	13	2	20	3099	586576.38455	10659786.95545
2020	284	13	2	22	3101	586572.31364	10659784.34273
2020	284	13	2	24	3104	586568.24455	10659781.71818
2020	284	13	2	26	3106	586564.32182	10659778.83818
2020	284	13	2	28	3109	586560.29545	10659776.06364
2020	284	13	2	30	3111	586556.24818	10659773.41000
2020	284	13	2	32	3113	586552.25455	10659770.82455
2020	284	13	2	34	3116	586548.32818	10659768.16182
2020	284	13	2	36	3118	586544.20455	10659765.74455
2020	284	13	2	38	3120	586540.08545	10659763.31818
2020	284	13	2	40	3123	586536.06727	10659760.79818
2020	284	13	2	42	3125	586531.96545	10659758.44000
2020	284	13	2	44	3128	586527.85364	10659755.98273
2020	284	13	2	46	3130	586523.76364	10659753.44091
2020	284	13	2	48	3132	586519.78091	10659750.87364
2020	284	13	2	50	3135	586515.76273	10659748.37545
2020	284	13	2	52	3137	586511.70000	10659745.77455
2020	284	13	2	54	3140	586507.79909	10659742.98909
2020	284	13	2	56	3142	586503.85182	10659740.32455
2020	284	13	2	58	3144	586499.91818	10659737.60909
2020	284	13	3	0	3147	586496.02091	10659734.76273
2020	284	13	3	2	3149	586492.07091	10659731.91091
2020	284	13	3	4	3152	586488.17364	10659729.09909
2020	284	13	3	6	3154	586484.30636	10659726.24000
2020	284	13	3	8	3156	586480.38818	10659723.36455
2020	284	13	3	10	3159	586476.37091	10659720.63000
2020	284	13	3	12	3161	586472.37727	10659718.05727
2020	284	13	3	14	3164	586468.44091	10659715.31909
2020	284	13	3	16	3166	586464.37273	10659712.70818
2020	284	13	3	18	3168	586460.27545	10659710.19455
2020	284	13	3	20	3171	586456.23545	10659707.59273
2020	284	13	3	22	3173	586452.25000	10659704.82000
2020	284	13	3	24	3176	586448.14545	10659702.25273
2020	284	13	3	26	3178	586444.02818	10659699.76182
2020	284	13	3	28	3181	586439.87636	10659697.28182
2020	284	13	3	30	3183	586435.68909	10659694.89273
2020	284	13	3	32	3185	586431.39818	10659692.64545
2020	284	13	3	34	3188	586427.11091	10659690.46273
2020	284	13	3	36	3190	586422.90545	10659688.24273
2020	284	13	3	38	3193	586418.62727	10659685.96364
2020	284	13	3	40	3195	586414.33909	10659683.73818
2020	284	13	3	42	3197	586410.12091	10659681.37818
2020	284	13	3	44	3200	586405.91455	10659679.00000
2020	284	13	3	46	3202	586401.63909	10659676.60545
2020	284	13	3	48	3205	586397.43182	10659674.16818
2020	284	13	3	50	3207	586393.25545	10659671.62273
2020	284	13	3	52	3210	586389.09909	10659669.11000
2020	284	13	3	54	3212	586384.89818	10659666.69545
2020	284	13	3	56	3214	586380.70455	10659664.20545
2020	284	13	3	58	3217	586376.53273	10659661.69364
2020	284	13	4	0	3219	586372.30636	10659659.38364
2020	284	13	4	2	3222	586368.10000	10659657.14636
2020	284	13	4	4	3224	586363.93182	10659654.83273
2020	284	13	4	6	3226	586359.71091	10659652.43727
2020	284	13	4	8	3229	586355.50182	10659650.12727
2020	284	13	4	10	3231	586351.35364	10659647.73909
2020	284	13	4	12	3234	586347.28182	10659645.11091
2020	284	13	4	14	3236	586343.03818	10659642.48545
2020	284	13	4	16	3239	586338.84182	10659640.02455
2020	284	13	4	18	3241	586334.79182	10659637.35182
2020	284	13	4	20	3243	586330.68636	10659634.63000
2020	284	13	4	22	3246	586326.47636	10659632.09000
2020	284	13	4	24	3248	586322.36545	10659629.46818
2020	284	13	4	26	3251	586318.41091	10659626.61545
2020	284	13	4	28	3253	586314.26364	10659624.02182
2020	284	13	4	30	3256	586310.02727	10659621.54545
2020	284	13	4	32	3258	586306.02091	10659618.69091
2020	284	13	4	34	3261	586301.92273	10659615.93909
2020	284	13	4	36	3263	586297.68909	10659613.41000
2020	284	13	4	38	3266	586293.57545	10659610.78182
2020	284	13	4	40	3268	586289.48182	10659607.99909
2020	284	13	4	42	3270	586285.26091	10659605.49727
2020	284	13	4	44	3273	586281.03636	10659603.01091
2020	284	13	4	46	3275	586276.84727	10659600.49455
2020	284	13	4	48	3278	586272.62182	10659597.99091
2020	284	13	4	50	3280	586268.50273	10659595.47273
2020	284	13	4	52	3283	586264.39182	10659592.86909
2020	284	13	4	54	3285	586260.21818	10659590.40455
2020	284	13	4	56	3288	586256.15182	10659587.82545
2020	284	13	4	58	3290	586252.11545	10659585.10182
2020	284	13	5	0	3292	586247.95000	10659582.56636
2020	284	13	5	2	3295	586243.83545	10659580.04636
2020	284	13	5	4	3297	586239.82727	10659577.23364
2020	284	13	5	6	3300	586235.74636	10659574.58909
2020	284	13	5	8	3302	586231.55182	10659572.09545
2020	284	13	5	10	3305	586227.52455	10659569.40636
2020	284	13	5	12	3307	586223.49364	10659566.61909
2020	284	13	5	14	3309	586219.39182	10659564.01364
2020	284	13	5	16	3312	586215.27818	10659561.34091
2020	284	13	5	18	3314	586211.37909	10659558.42909
2020	284	13	5	20	3317	586207.47727	10659555.51455
2020	284	13	5	22	3319	586203.54455	10659552.64273
2020	284	13	5	24	3322	586199.65273	10659549.70273
2020	284	13	5	26	3324	586195.88000	10659546.62182
2020	284	13	5	28	3326	586192.00182	10659543.67818
2020	284	13	5	30	3329	586188.04909	10659540.83727
2020	284	13	5	32	3331	586184.18182	10659537.86364
2020	284	13	5	34	3334	586180.35273	10659534.77545
2020	284	13	5	36	3336	586176.50909	10659531.76364
2020	284	13	5	38	3339	586172.67182	10659528.75727
2020	284	13	5	40	3341	586168.91455	10659525.56909
2020	284	13	5	42	3344	586165.11455	10659522.36455
2020	284	13	5	44	3346	586161.36091	10659519.23909
2020	284	13	5	46	3349	586157.49182	10659516.28273
2020	284	13	5	48	3351	586153.62273	10659513.25545
2020	284	13	5	50	3353	586149.78545	10659510.14364
2020	284	13	5	52	3356	586145.87455	10659507.31636
2020	284	13	5	54	3358	586141.88636	10659504.59636
2020	284	13	5	56	3361	586137.88000	10659501.85818
2020	284	13	5	58	3363	586133.87636	10659499.12818
2020	284	13	6	0	3366	586129.79727	10659496.67455
2020	284	13	6	2	3368	586125.65727	10659494.23727
2020	284	13	6	4	3370	586121.62364	10659491.60182
2020	284	13	6	6	3373	586117.54364	10659489.04364
2020	284	13	6	8	3375	586113.50091	10659486.41818
2020	284	13	6	10	3378	586109.52727	10659483.65636
2020	284	13	6	12	3380	586105.47545	10659480.91545
2020	284	13	6	14	3382	586101.44182	10659478.25909
2020	284	13	6	16	3385	586097.50091	10659475.42091
2020	284	13	6	18	3387	586093.52091	10659472.70364
2020	284	13	6	20	3390	586089.39364	10659470.08545
2020	284	13	6	22	3392	586085.43909	10659467.21909
2020	284	13	6	24	3395	586081.54455	10659464.34182
2020	284	13	6	26	3397	586077.41364	10659461.71273
2020	284	13	6	28	3399	586073.38727	10659458.96273
2020	284	13	6	30	3402	586069.43273	10659456.17909
2020	284	13	6	32	3404	586065.31545	10659453.64273
2020	284	13	6	34	3407	586061.14545	10659451.24364
2020	284	13	6	36	3409	586057.04818	10659448.65545
2020	284	13	6	38	3412	586052.90636	10659446.13000
2020	284	13	6	40	3414	586048.67364	10659443.72636
2020	284	13	6	42	3416	586044.57091	10659441.14727
2020	284	13	6	44	3419	586040.48364	10659438.52000
2020	284	13	6	46	3421	586036.30636	10659436.02455
2020	284	13	6	48	3424	586032.15909	10659433.48909
2020	284	13	6	50	3426	586028.03182	10659430.94636
2020	284	13	6	52	3429	586023.87273	10659428.46273
2020	284	13	6	54	3431	586019.66091	10659426.05909
2020	284	13	6	56	3433	586015.52182	10659423.52182
2020	284	13	6	58	3436	586011.33545	10659421.06545
2020	284	13	7	0	3438	586007.19364	10659418.64000
2020	284	13	7	2	3441	586003.01091	10659416.24091
2020	284	13	7	4	3443	585998.86455	10659413.78818
2020	284	13	7	6	3445	585994.73455	10659411.37818
2020	284	13	7	8	3448	585990.57727	10659408.90636
2020	284	13	7	10	3450	585986.45182	10659406.38636
2020	284	13	7	12	3453	585982.39000	10659403.85818
2020	284	13	7	14	3455	585978.27273	10659401.27636
2020	284	13	7	16	3458	585974.14364	10659398.69909
2020	284	13	7	18	3460	585969.98091	10659396.12091
2020	284	13	7	20	3462	585965.94000	10659393.42909
2020	284	13	7	22	3465	585961.71182	10659390.92182
2020	284	13	7	24	3467	585957.52364	10659388.33182
2020	284	13	7	26	3470	585953.46455	10659385.65455
2020	284	13	7	28	3472	585949.32455	10659383.05000
2020	284	13	7	30	3475	585945.09727	10659380.63636
2020	284	13	7	32	3477	585940.98545	10659378.05273
2020	284	13	7	34	3479	585936.82727	10659375.59909
2020	284	13	7	36	3482	585932.55455	10659373.26818
2020	284	13	7	38	3484	585928.33909	10659371.04636
2020	284	13	7	40	3487	585924.11000	10659368.67818
2020	284	13	7	42	3489	585919.82727	10659366.37545
2020	284	13	7	44	3492	585915.48091	10659364.10273
2020	284	13	7	46	3494	585911.24818	10659361.62000
2020	284	13	7	48	3497	585907.08818	10659359.03000
2020	284	13	7	50	3499	585902.80364	10659356.56545
2020	284	13	7	52	3501	585898.63727	10659353.90455
2020	284	13	7	54	3504	585894.56000	10659351.23000
2020	284	13	7	56	3506	585890.48273	10659348.58273
2020	284	13	7	58	3509	585886.25909	10659346.05818
2020	284	13	8	0	3511	585882.18818	10659343.37545
2020	284	13	8	2	3514	585878.10273	10659340.66273
2020	284	13	8	4	3516	585873.97909	10659337.98727
2020	284	13	8	6	3519	585869.82909	10659335.27273
2020	284	13	8	8	3521	585865.84182	10659332.44545
2020	284	13	8	10	3524	585861.80091	10659329.55091
2020	284	13	8	12	3526	585857.68364	10659326.75000
2020	284	13	8	14	3528	585853.63636	10659323.95455
2020	284	13	8	16	3531	585849.53455	10659321.16909
2020	284	13	8	18	3533	585845.38273	10659318.38182
2020	284	13	8	20	3536	585841.18091	10659315.73091
2020	284	13	8	22	3538	585837.01091	10659313.13909
2020	284	13	8	24	3541	585832.79909	10659310.47091
2020	284	13	8	26	3543	585828.51545	10659307.88636
2020	284	13	8	28	3546	585824.29364	10659305.31636
2020	284	13	8	30	3548	585819.96909	10659302.79455
2020	284	13	8	32	3551	585815.68091	10659300.28273
2020	284	13	8	34	3553	585811.39000	10659297.66545
2020	284	13	8	36	3556	585807.12636	10659295.12818
2020	284	13	8	38	3558	585802.81000	10659292.54182
2020	284	13	8	40	3561	585798.61545	10659289.92273
2020	284	13	8	42	3563	585794.40364	10659287.26636
2020	284	13	8	44	3566	585790.12818	10659284.69818
2020	284	13	8	46	3568	585785.85091	10659282.17636
2020	284	13	8	48	3571	585781.59636	10659279.58636
2020	284	13	8	50	3573	585777.34818	10659277.01545
2020	284	13	8	52	3576	585773.07182	10659274.47182
2020	284	13	8	54	3578	585768.82273	10659271.87000
2020	284	13	8	56	3581	585764.59182	10659269.23545
2020	284	13	8	58	3583	585760.30818	10659266.74000
2020	284	13	9	0	3586	585756.10182	10659264.09364
2020	284	13	9	2	3588	585751.81727	10659261.52818
2020	284	13	9	4	3591	585747.54818	10659259.04364
2020	284	13	9	6	3593	585743.26909	10659256.55909
2020	284	13	9	8	3596	585738.98364	10659254.00636
2020	284	13	9	10	3598	585734.68818	10659251.51909
2020	284	13	9	12	3601	585730.35727	10659249.05364
2020	284	13	9	14	3603	585726.01545	10659246.47364
2020	284	13	9	16	3606	585721.75455	10659243.83727
2020	284	13	9	18	3608	585717.56182	10659241.16636
2020	284	13	9	20	3611	585713.40364	10659238.36727
2020	284	13	9	22	3613	585709.21091	10659235.58636
2020	284	13	9	24	3616	585705.06364	10659232.83909
2020	284	13	9	26	3618	585700.97636	10659230.00727
2020	284	13	9	28	3621	585696.83455	10659227.16636
2020	284	13	9	30	3623	585692.64636	10659224.33909
2020	284	13	9	32	3626	585688.51000	10659221.49545
2020	284	13	9	34	3628	585684.38091	10659218.69000
2020	284	13	9	36	3631	585680.32455	10659215.81545
2020	284	13	9	38	3633	585676.15636	10659213.04273
2020	284	13	9	40	3636	585671.98909	10659210.28182
2020	284	13	9	42	3638	585667.89273	10659207.49182
2020	284	13	9	44	3641	585663.77273	10659204.66091
2020	284	13	9	46	3643	585659.69364	10659201.73182
2020	284	13	9	48	3646	585655.55545	10659198.85091
2020	284	13	9	50	3648	585651.55636	10659195.99091
2020	284	13	9	52	3651	585647.58818	10659193.02818
2020	284	13	9	54	3653	585643.68182	10659189.98727
2020	284	13	9	56	3656	585639.69182	10659187.03364
2020	284	13	9	58	3658	585635.76273	10659184.09364
2020	284	13	10	0	3660	585631.97091	10659181.00364
2020	284	13	10	2	3663	585628.18545	10659177.83727
2020	284	13	10	4	3665	585624.30909	10659174.81000
2020	284	13	10	6	3668	585620.49364	10659171.78000
2020	284	13	10	8	3670	585616.80818	10659168.63000
2020	284	13	10	10	3673	585613.03000	10659165.47000
2020	284	13	10	12	3675	585609.22273	10659162.41818
2020	284	13	10	14	3678	585605.36636	10659159.39364
2020	284	13	10	16	3680	585601.60909	10659156.24000
2020	284	13	10	18	3683	585597.83545	10659153.12273
2020	284	13	10	20	3685	585593.97636	10659150.06545
2020	284	13	10	22	3687	585590.05455	10659147.08182
2020	284	13	10	24	3690	585586.24545	10659143.97636
2020	284	13	10	26	3692	585582.37273	10659141.03273
2020	284	13	10	28	3695	585578.33182	10659138.21545
2020	284	13	10	30	3697	585574.31000	10659135.51364
2020	284	13	10	32	3700	585570.35909	10659132.59636
2020	284	13	10	34	3702	585566.31545	10659129.91091
2020	284	13	10	36	3704	585562.25909	10659127.35182
2020	284	13	10	38	3707	585558.37727	10659124.57909
2020	284	13	10	40	3709	585554.37636	10659121.87909
2020	284	13	10	42	3712	585550.21727	10659119.28545
2020	284	13	10	44	3714	585546.20636	10659116.60727
2020	284	13	10	46	3717	585542.30727	10659113.80091
2020	284	13	10	48	3719	585538.30273	10659111.07909
2020	284	13	10	50	3721	585534.20545	10659108.31182
2020	284	13	10	52	3724	585530.33182	10659105.44364
2020	284	13	10	54	3726	585526.39091	10659102.74636
