YEAR	DAY	HOUR	MINUTE	SECOND	CDP	SOU_X	SOU_Y
2020	284	13	32	16	9	585993.52667	10659408.71000
2020	284	13	32	18	12	585989.32000	10659406.01200
2020	284	13	32	20	14	585985.23143	10659403.00714
2020	284	13	32	22	17	585981.08364	10659400.10636
2020	284	13	32	24	19	585976.99909	10659397.14545
2020	284	13	32	26	22	585972.80091	10659394.25636
2020	284	13	32	28	24	585968.61455	10659391.35636
2020	284	13	32	30	27	585964.46636	10659388.33273
2020	284	13	32	32	30	585960.37364	10659385.32636
2020	284	13	32	34	32	585956.18091	10659382.42364
2020	284	13	32	36	35	585952.03727	10659379.38818
2020	284	13	32	38	37	585947.93909	10659376.32091
2020	284	13	32	40	40	585943.71364	10659373.48455
2020	284	13	32	42	42	585939.48636	10659370.62273
2020	284	13	32	44	45	585935.25364	10659367.82364
2020	284	13	32	46	47	585930.94909	10659365.07455
2020	284	13	32	48	50	585926.60909	10659362.48545
2020	284	13	32	50	52	585922.32818	10659359.86273
2020	284	13	32	52	55	585918.00818	10659357.27182
2020	284	13	32	54	58	585913.58636	10659354.68182
2020	284	13	32	56	60	585909.24909	10659351.99545
2020	284	13	32	58	63	585904.99091	10659349.21909
2020	284	13	33	0	65	585900.67091	10659346.40727
2020	284	13	33	2	68	585896.29545	10659343.56364
2020	284	13	33	4	70	585892.05273	10659340.66364
2020	284	13	33	6	73	585887.75364	10659337.74727
2020	284	13	33	8	76	585883.38636	10659334.96818
2020	284	13	33	10	78	585878.91909	10659332.33091
2020	284	13	33	12	81	585874.56000	10659329.59364
2020	284	13	33	14	83	585870.13818	10659326.89364
2020	284	13	33	16	86	585865.71364	10659324.43091
2020	284	13	33	18	88	585861.30182	10659321.93545
2020	284	13	33	20	91	585856.98545	10659319.31364
2020	284	13	33	22	93	585852.65818	10659316.82909
2020	284	13	33	24	96	585848.31182	10659314.47455
2020	284	13	33	26	98	585843.98909	10659312.10455
2020	284	13	33	28	101	585839.82727	10659309.50182
2020	284	13	33	30	103	585835.63909	10659307.02909
2020	284	13	33	32	106	585831.43364	10659304.70818
2020	284	13	33	34	108	585827.33455	10659302.30727
2020	284	13	33	36	110	585823.31273	10659299.79636
2020	284	13	33	38	113	585819.19909	10659297.53000
2020	284	13	33	40	115	585815.05909	10659295.39545
2020	284	13	33	42	117	585811.06545	10659293.10000
2020	284	13	33	44	120	585806.99182	10659290.85273
2020	284	13	33	46	122	585802.89000	10659288.61636
2020	284	13	33	48	124	585798.91273	10659286.43455
2020	284	13	33	50	127	585794.92364	10659284.16455
2020	284	13	33	52	129	585790.93000	10659281.85818
2020	284	13	33	54	131	585786.98818	10659279.52818
2020	284	13	33	56	133	585783.06364	10659277.24909
2020	284	13	33	58	136	585779.20636	10659274.88818
2020	284	13	34	0	138	585775.41455	10659272.40727
2020	284	13	34	2	140	585771.66727	10659269.94545
2020	284	13	34	4	142	585767.90182	10659267.49727
2020	284	13	34	6	145	585764.24818	10659264.89455
2020	284	13	34	8	147	585760.59182	10659262.31545
2020	284	13	34	10	149	585756.91182	10659259.75636
2020	284	13	34	12	151	585753.21636	10659257.13182
2020	284	13	34	14	154	585749.57909	10659254.54909
2020	284	13	34	16	156	585745.97091	10659251.96273
2020	284	13	34	18	158	585742.31364	10659249.42182
2020	284	13	34	20	160	585738.66545	10659246.79182
2020	284	13	34	22	163	585735.00455	10659244.25545
2020	284	13	34	24	165	585731.39091	10659241.74909
2020	284	13	34	26	167	585727.77818	10659239.08727
2020	284	13	34	28	169	585724.15455	10659236.47000
2020	284	13	34	30	172	585720.42273	10659234.07636
2020	284	13	34	32	174	585716.81091	10659231.53636
2020	284	13	34	34	176	585713.20455	10659229.02000
2020	284	13	34	36	178	585709.46455	10659226.62455
2020	284	13	34	38	180	585705.73182	10659224.38091
2020	284	13	34	40	182	585702.10909	10659221.97818
2020	284	13	34	42	185	585698.46364	10659219.65545
2020	284	13	34	44	187	585694.73000	10659217.50273
2020	284	13	34	46	189	585691.01818	10659215.34545
2020	284	13	34	48	191	585687.29182	10659213.22455
2020	284	13	34	50	193	585683.60000	10659211.09000
2020	284	13	34	52	195	585679.89000	10659209.05909
2020	284	13	34	54	197	585676.17818	10659206.96818
2020	284	13	34	56	200	585672.55455	10659204.71455
2020	284	13	34	58	202	585669.00545	10659202.41364
2020	284	13	35	0	204	585665.38545	10659200.16909
2020	284	13	35	2	206	585661.81182	10659197.75000
2020	284	13	35	4	208	585658.27545	10659195.27636
2020	284	13	35	6	210	585654.68818	10659192.84636
2020	284	13	35	8	212	585651.13364	10659190.39636
2020	284	13	35	10	215	585647.60455	10659187.81727
2020	284	13	35	12	217	585644.14818	10659185.18545
2020	284	13	35	14	219	585640.71545	10659182.51636
2020	284	13	35	16	221	585637.22636	10659179.86455
2020	284	13	35	18	223	585633.76727	10659177.15273
2020	284	13	35	20	226	585630.38818	10659174.40818
2020	284	13	35	22	228	585626.91182	10659171.77273
2020	284	13	35	24	230	585623.34273	10659169.24182
2020	284	13	35	26	232	585619.94455	10659166.50182
2020	284	13	35	28	234	585616.53364	10659163.89364
2020	284	13	35	30	236	585612.99364	10659161.41455
2020	284	13	35	32	239	585609.48727	10659158.73545
2020	284	13	35	34	241	585606.07909	10659155.95909
2020	284	13	35	36	243	585602.55818	10659153.32364
2020	284	13	35	38	245	585598.95182	10659150.80636
2020	284	13	35	40	247	585595.34455	10659148.13545
2020	284	13	35	42	250	585591.78182	10659145.44545
2020	284	13	35	44	252	585588.11273	10659142.98818
2020	284	13	35	46	254	585584.45909	10659140.44000
2020	284	13	35	48	256	585580.85727	10659137.78818
2020	284	13	35	50	259	585577.20727	10659135.12909
2020	284	13	35	52	261	585573.58364	10659132.54364
2020	284	13	35	54	263	585569.90727	10659129.99727
2020	284	13	35	56	265	585566.19091	10659127.45091
2020	284	13	35	58	268	585562.40364	10659124.97818
2020	284	13	36	0	270	585558.55818	10659122.71727
2020	284	13	36	2	272	585554.71545	10659120.40455
2020	284	13	36	4	274	585550.82364	10659118.08273
2020	284	13	36	6	277	585546.81636	10659115.93818
2020	284	13	36	8	279	585542.90000	10659113.64000
2020	284	13	36	10	281	585539.02273	10659111.24545
2020	284	13	36	12	283	585535.05182	10659108.94636
2020	284	13	36	14	286	585531.05636	10659106.69091
2020	284	13	36	16	288	585527.10818	10659104.35909
2020	284	13	36	18	290	585523.22182	10659101.94273
2020	284	13	36	20	293	585519.14727	10659099.79364
2020	284	13	36	22	295	585515.13909	10659097.49455
2020	284	13	36	24	297	585511.13273	10659095.13182
2020	284	13	36	26	300	585507.13636	10659092.75091
2020	284	13	36	28	302	585503.05818	10659090.49818
2020	284	13	36	30	304	585498.99545	10659088.20818
2020	284	13	36	32	307	585495.03273	10659085.80182
2020	284	13	36	34	309	585491.08273	10659083.34455
2020	284	13	36	36	311	585487.05273	10659081.06273
2020	284	13	36	38	314	585483.02000	10659078.71000
2020	284	13	36	40	316	585479.04545	10659076.27909
2020	284	13	36	42	318	585475.10182	10659073.85727
2020	284	13	36	44	321	585471.04636	10659071.67727
2020	284	13	36	46	323	585467.05909	10659069.27727
2020	284	13	36	48	325	585463.14091	10659066.90364
2020	284	13	36	50	327	585459.14091	10659064.59000
2020	284	13	36	52	330	585455.10091	10659062.30909
2020	284	13	36	54	332	585451.02455	10659059.96091
2020	284	13	36	56	334	585447.06182	10659057.54091
2020	284	13	36	58	337	585442.92545	10659055.43727
2020	284	13	37	0	339	585438.86091	10659053.16455
2020	284	13	37	2	341	585434.90727	10659050.78818
2020	284	13	37	4	344	585430.91545	10659048.45909
2020	284	13	37	6	346	585426.84000	10659046.34000
2020	284	13	37	8	348	585422.87182	10659043.86545
2020	284	13	37	10	351	585418.92909	10659041.32636
2020	284	13	37	12	353	585414.88273	10659039.01909
2020	284	13	37	14	355	585410.85636	10659036.63636
2020	284	13	37	16	358	585406.95455	10659033.94455
2020	284	13	37	18	360	585402.93091	10659031.42727
2020	284	13	37	20	362	585398.98545	10659028.83364
2020	284	13	37	22	365	585395.13364	10659026.11545
2020	284	13	37	24	367	585391.18909	10659023.42727
2020	284	13	37	26	370	585387.17909	10659020.84727
2020	284	13	37	28	372	585383.33364	10659018.11636
2020	284	13	37	30	374	585379.44091	10659015.44636
2020	284	13	37	32	377	585375.41273	10659012.93818
2020	284	13	37	34	379	585371.51182	10659010.20273
2020	284	13	37	36	381	585367.57000	10659007.59545
2020	284	13	37	38	384	585363.59818	10659005.03273
2020	284	13	37	40	386	585359.56000	10659002.55455
2020	284	13	37	42	389	585355.55545	10658999.93909
2020	284	13	37	44	391	585351.45455	10658997.59273
2020	284	13	37	46	393	585347.40000	10658995.19909
2020	284	13	37	48	396	585343.42636	10658992.66727
2020	284	13	37	50	398	585339.29636	10658990.21091
2020	284	13	37	52	400	585335.18909	10658987.87909
2020	284	13	37	54	403	585331.13091	10658985.45364
2020	284	13	37	56	405	585327.09545	10658982.83818
2020	284	13	37	58	408	585322.93091	10658980.31818
2020	284	13	38	0	410	585318.78273	10658977.97545
2020	284	13	38	2	412	585314.81727	10658975.38273
2020	284	13	38	4	415	585310.79364	10658972.67545
2020	284	13	38	6	417	585306.66909	10658970.16273
2020	284	13	38	8	420	585302.58273	10658967.68182
2020	284	13	38	10	422	585298.57000	10658965.05091
2020	284	13	38	12	424	585294.53364	10658962.36727
2020	284	13	38	14	427	585290.37636	10658959.90545
2020	284	13	38	16	429	585286.30182	10658957.31818
2020	284	13	38	18	432	585282.20455	10658954.75727
2020	284	13	38	20	434	585278.10909	10658952.14000
2020	284	13	38	22	437	585274.03000	10658949.55364
2020	284	13	38	24	439	585269.90000	10658947.06364
2020	284	13	38	26	441	585265.77364	10658944.53364
2020	284	13	38	28	444	585261.73091	10658941.88455
2020	284	13	38	30	446	585257.69545	10658939.28909
2020	284	13	38	32	449	585253.61273	10658936.72091
2020	284	13	38	34	451	585249.55364	10658934.06545
2020	284	13	38	36	453	585245.52909	10658931.36091
2020	284	13	38	38	456	585241.47909	10658928.72909
2020	284	13	38	40	458	585237.42273	10658926.12455
2020	284	13	38	42	461	585233.31727	10658923.52636
2020	284	13	38	44	463	585229.19909	10658920.91182
2020	284	13	38	46	466	585225.06000	10658918.40273
2020	284	13	38	48	468	585220.98182	10658915.86636
2020	284	13	38	50	470	585216.86545	10658913.32455
2020	284	13	38	52	473	585212.69818	10658910.79727
2020	284	13	38	54	475	585208.60273	10658908.23636
2020	284	13	38	56	478	585204.59091	10658905.58545
2020	284	13	38	58	480	585200.49000	10658902.96091
2020	284	13	39	0	482	585196.31000	10658900.45909
2020	284	13	39	2	485	585192.23091	10658897.86818
2020	284	13	39	4	487	585188.09000	10658895.39727
2020	284	13	39	6	490	585183.90727	10658892.97727
2020	284	13	39	8	492	585179.72909	10658890.50727
2020	284	13	39	10	495	585175.59818	10658888.00636
2020	284	13	39	12	497	585171.45545	10658885.53182
2020	284	13	39	14	499	585167.26273	10658883.08636
2020	284	13	39	16	502	585163.08909	10658880.61182
2020	284	13	39	18	504	585158.96545	10658878.05000
2020	284	13	39	20	507	585154.83727	10658875.50182
2020	284	13	39	22	509	585150.67273	10658872.91818
2020	284	13	39	24	512	585146.55818	10658870.23455
2020	284	13	39	26	514	585142.57636	10658867.40818
2020	284	13	39	28	516	585138.54091	10658864.62091
2020	284	13	39	30	519	585134.42364	10658861.93091
2020	284	13	39	32	521	585130.43091	10658859.02909
2020	284	13	39	34	524	585126.47636	10658856.18364
2020	284	13	39	36	526	585122.51364	10658853.54818
2020	284	13	39	38	529	585118.42455	10658850.88000
2020	284	13	39	40	531	585114.41636	10658848.07545
2020	284	13	39	42	534	585110.40545	10658845.36364
2020	284	13	39	44	536	585106.28364	10658842.85909
2020	284	13	39	46	538	585102.14818	10658840.11636
2020	284	13	39	48	541	585098.05364	10658837.40364
2020	284	13	39	50	543	585093.90455	10658834.80364
2020	284	13	39	52	546	585089.75727	10658832.23818
2020	284	13	39	54	548	585085.69545	10658829.57727
2020	284	13	39	56	551	585081.63727	10658826.85273
2020	284	13	39	58	553	585077.58636	10658824.14000
2020	284	13	40	0	555	585073.62909	10658821.32545
2020	284	13	40	2	558	585069.74636	10658818.48909
2020	284	13	40	4	560	585065.82273	10658815.66273
2020	284	13	40	6	563	585061.94000	10658812.72545
2020	284	13	40	8	565	585058.05727	10658809.89636
2020	284	13	40	10	568	585054.07727	10658807.19636
2020	284	13	40	12	570	585050.12545	10658804.47727
2020	284	13	40	14	572	585046.10455	10658801.76182
2020	284	13	40	16	575	585042.00545	10658799.20364
2020	284	13	40	18	577	585037.89455	10658796.75909
2020	284	13	40	20	580	585033.89455	10658794.07455
2020	284	13	40	22	582	585029.84091	10658791.51273
2020	284	13	40	24	584	585025.81636	10658788.87182
2020	284	13	40	26	587	585021.85818	10658786.19727
2020	284	13	40	28	589	585017.97091	10658783.29818
2020	284	13	40	30	592	585013.98455	10658780.53091
2020	284	13	40	32	594	585010.00909	10658777.78909
2020	284	13	40	34	596	585006.07636	10658774.99818
2020	284	13	40	36	599	585002.17545	10658772.13909
2020	284	13	40	38	601	584998.18818	10658769.45273
2020	284	13	40	40	604	584994.17000	10658766.81182
2020	284	13	40	42	606	584990.25818	10658764.02182
2020	284	13	40	44	609	584986.35455	10658761.22818
2020	284	13	40	46	611	584982.31636	10658758.65364
2020	284	13	40	48	613	584978.31545	10658756.00818
2020	284	13	40	50	616	584974.37364	10658753.27727
2020	284	13	40	52	618	584970.39727	10658750.64909
2020	284	13	40	54	620	584966.38636	10658748.03545
2020	284	13	40	56	623	584962.39909	10658745.39091
2020	284	13	40	58	625	584958.45909	10658742.68091
2020	284	13	41	0	628	584954.48273	10658740.03364
2020	284	13	41	2	630	584950.61545	10658737.26636
2020	284	13	41	4	632	584946.68000	10658734.55727
2020	284	13	41	6	635	584942.72455	10658731.85636
2020	284	13	41	8	637	584938.88000	10658729.06455
2020	284	13	41	10	640	584934.98000	10658726.36545
2020	284	13	41	12	642	584930.99909	10658723.74000
2020	284	13	41	14	644	584927.10182	10658720.98000
2020	284	13	41	16	647	584923.24273	10658718.15727
2020	284	13	41	18	649	584919.37636	10658715.35182
2020	284	13	41	20	652	584915.47727	10658712.51000
2020	284	13	41	22	654	584911.55455	10658709.65545
2020	284	13	41	24	656	584907.64909	10658706.75636
2020	284	13	41	26	659	584903.73636	10658703.93182
2020	284	13	41	28	661	584899.79364	10658701.14364
2020	284	13	41	30	664	584895.77091	10658698.41545
2020	284	13	41	32	666	584891.80636	10658695.70636
2020	284	13	41	34	668	584887.87545	10658692.99636
2020	284	13	41	36	671	584883.76364	10658690.46273
2020	284	13	41	38	673	584879.68818	10658687.94818
2020	284	13	41	40	676	584875.56273	10658685.50273
2020	284	13	41	42	678	584871.38364	10658683.14273
2020	284	13	41	44	680	584867.23273	10658680.71818
2020	284	13	41	46	683	584863.08636	10658678.31182
2020	284	13	41	48	685	584858.96182	10658675.89091
2020	284	13	41	50	688	584854.85818	10658673.46091
2020	284	13	41	52	690	584850.86091	10658670.89636
2020	284	13	41	54	692	584846.81364	10658668.29545
2020	284	13	41	56	695	584842.71727	10658665.78273
2020	284	13	41	58	697	584838.71182	10658663.18182
2020	284	13	42	0	700	584834.68909	10658660.53182
2020	284	13	42	2	702	584830.63727	10658657.81909
2020	284	13	42	4	704	584826.50818	10658655.26455
2020	284	13	42	6	707	584822.49273	10658652.60091
2020	284	13	42	8	709	584818.44636	10658649.93545
2020	284	13	42	10	712	584814.30364	10658647.40727
2020	284	13	42	12	714	584810.20545	10658644.81182
2020	284	13	42	14	717	584806.12818	10658642.26455
2020	284	13	42	16	719	584802.00091	10658639.77545
2020	284	13	42	18	721	584797.84636	10658637.26182
2020	284	13	42	20	724	584793.64636	10658634.88000
2020	284	13	42	22	726	584789.50364	10658632.37818
2020	284	13	42	24	729	584785.34273	10658629.96091
2020	284	13	42	26	731	584781.15273	10658627.45364
2020	284	13	42	28	733	584776.95727	10658625.02455
2020	284	13	42	30	736	584772.82727	10658622.54091
2020	284	13	42	32	738	584768.76091	10658620.04000
2020	284	13	42	34	741	584764.55545	10658617.55091
2020	284	13	42	36	743	584760.37364	10658615.04364
2020	284	13	42	38	746	584756.27909	10658612.58727
2020	284	13	42	40	748	584752.16545	10658610.03636
2020	284	13	42	42	750	584747.96091	10658607.48273
2020	284	13	42	44	753	584743.76273	10658604.91545
2020	284	13	42	46	755	584739.60727	10658602.39273
2020	284	13	42	48	758	584735.44000	10658599.82000
2020	284	13	42	50	760	584731.23636	10658597.31818
2020	284	13	42	52	763	584727.06091	10658594.78364
2020	284	13	42	54	765	584722.92455	10658592.29364
2020	284	13	42	56	767	584718.81273	10658589.74636
2020	284	13	42	58	770	584714.65000	10658587.24818
2020	284	13	43	0	772	584710.58909	10658584.52273
2020	284	13	43	2	775	584706.54727	10658581.80545
2020	284	13	43	4	777	584702.48818	10658579.09545
2020	284	13	43	6	780	584698.45636	10658576.37636
2020	284	13	43	8	782	584694.42091	10658573.71455
2020	284	13	43	10	784	584690.37000	10658571.10000
2020	284	13	43	12	787	584686.20636	10658568.63818
2020	284	13	43	14	789	584682.10091	10658566.11909
2020	284	13	43	16	792	584677.95545	10658563.73364
2020	284	13	43	18	794	584673.85273	10658561.23364
2020	284	13	43	20	797	584669.74364	10658558.73455
2020	284	13	43	22	799	584665.64182	10658556.25727
2020	284	13	43	24	801	584661.56273	10658553.88091
2020	284	13	43	26	804	584657.60091	10658551.34273
2020	284	13	43	28	806	584653.56818	10658548.79273
2020	284	13	43	30	808	584649.50273	10658546.41182
2020	284	13	43	32	811	584645.66909	10658543.83000
2020	284	13	43	34	813	584641.81909	10658541.20364
2020	284	13	43	36	815	584638.00545	10658538.50727
2020	284	13	43	38	818	584634.20273	10658535.85000
2020	284	13	43	40	820	584630.62545	10658532.92000
2020	284	13	43	42	822	584626.98000	10658530.00364
2020	284	13	43	44	825	584623.23909	10658527.20182
2020	284	13	43	46	827	584619.61545	10658524.27636
2020	284	13	43	48	829	584616.00909	10658521.34636
2020	284	13	43	50	832	584612.32727	10658518.44636
2020	284	13	43	52	834	584608.55636	10658515.61909
2020	284	13	43	54	836	584604.95636	10658512.62364
2020	284	13	43	56	839	584601.34000	10658509.56273
2020	284	13	43	58	841	584597.63818	10658506.57364
2020	284	13	44	0	843	584593.96000	10658503.61455
2020	284	13	44	2	846	584590.38727	10658500.53818
2020	284	13	44	4	848	584586.75818	10658497.57455
2020	284	13	44	6	851	584582.96364	10658494.77273
2020	284	13	44	8	853	584579.24818	10658491.94273
2020	284	13	44	10	855	584575.49727	10658489.11545
2020	284	13	44	12	858	584571.63273	10658486.50818
2020	284	13	44	14	860	584567.76455	10658483.90091
2020	284	13	44	16	862	584563.96455	10658481.20364
2020	284	13	44	18	864	584560.13727	10658478.65091
2020	284	13	44	20	867	584556.18364	10658476.11909
2020	284	13	44	22	869	584552.34091	10658473.44545
2020	284	13	44	24	872	584548.47636	10658470.80455
2020	284	13	44	26	874	584544.60182	10658468.23091
2020	284	13	44	28	876	584540.63091	10658465.57909
2020	284	13	44	30	879	584536.81182	10658462.81455
2020	284	13	44	32	881	584532.96000	10658460.21364
2020	284	13	44	34	883	584529.06273	10658457.63182
2020	284	13	44	36	886	584525.19455	10658454.89909
2020	284	13	44	38	888	584521.25909	10658452.38091
2020	284	13	44	40	890	584517.40091	10658449.73182
2020	284	13	44	42	893	584513.45091	10658447.11909
2020	284	13	44	44	895	584509.55091	10658444.46909
2020	284	13	44	46	897	584505.66909	10658441.75636
2020	284	13	44	48	900	584501.75909	10658439.09364
2020	284	13	44	50	902	584497.85273	10658436.41273
2020	284	13	44	52	904	584493.88000	10658433.93091
2020	284	13	44	54	907	584489.96727	10658431.33545
2020	284	13	44	56	909	584485.95273	10658429.02364
2020	284	13	44	58	911	584481.88364	10658426.64091
2020	284	13	45	0	914	584477.89364	10658424.21273
2020	284	13	45	2	916	584473.90818	10658421.76364
2020	284	13	45	4	919	584469.83545	10658419.39455
2020	284	13	45	6	921	584465.77182	10658416.94455
2020	284	13	45	8	923	584461.83182	10658414.39273
2020	284	13	45	10	926	584457.80182	10658412.04455
2020	284	13	45	12	928	584453.71273	10658409.77000
2020	284	13	45	14	930	584449.66455	10658407.36364
2020	284	13	45	16	933	584445.58727	10658405.05455
2020	284	13	45	18	935	584441.48455	10658402.91091
2020	284	13	45	20	937	584437.41636	10658400.60818
2020	284	13	45	22	940	584433.32818	10658398.23909
2020	284	13	45	24	942	584429.20909	10658395.96727
2020	284	13	45	26	944	584425.17727	10658393.68727
2020	284	13	45	28	947	584421.16455	10658391.18909
2020	284	13	45	30	949	584417.00273	10658388.81364
2020	284	13	45	32	951	584412.83818	10658386.46091
2020	284	13	45	34	954	584408.88364	10658383.91000
2020	284	13	45	36	956	584404.81455	10658381.40000
2020	284	13	45	38	959	584400.67818	10658378.97455
2020	284	13	45	40	961	584396.58545	10658376.53000
2020	284	13	45	42	963	584392.59818	10658374.03182
2020	284	13	45	44	966	584388.52091	10658371.71818
2020	284	13	45	46	968	584384.23818	10658369.57818
2020	284	13	45	48	970	584380.19273	10658367.23636
2020	284	13	45	50	973	584376.09545	10658364.91273
2020	284	13	45	52	975	584371.94364	10658362.69727
2020	284	13	45	54	977	584367.85000	10658360.37000
2020	284	13	45	56	980	584363.79455	10658357.92273
2020	284	13	45	58	982	584359.70273	10658355.44273
2020	284	13	46	0	985	584355.59091	10658353.09636
2020	284	13	46	2	987	584351.61455	10658350.62091
2020	284	13	46	4	989	584347.60091	10658348.09091
2020	284	13	46	6	992	584343.46091	10658345.64000
2020	284	13	46	8	994	584339.55364	10658343.05273
2020	284	13	46	10	996	584335.62182	10658340.44909
2020	284	13	46	12	999	584331.67364	10658337.73636
2020	284	13	46	14	1001	584327.75091	10658334.94091
2020	284	13	46	16	1004	584323.92818	10658332.11455
2020	284	13	46	18	1006	584320.08545	10658329.25000
2020	284	13	46	20	1008	584316.20364	10658326.48091
2020	284	13	46	22	1011	584312.30818	10658323.69182
2020	284	13	46	24	1013	584308.43545	10658320.94909
2020	284	13	46	26	1016	584304.44818	10658318.36636
2020	284	13	46	28	1018	584300.43818	10658315.81636
2020	284	13	46	30	1020	584296.41909	10658313.22273
2020	284	13	46	32	1023	584292.34909	10658310.74818
2020	284	13	46	34	1025	584288.18182	10658308.42727
2020	284	13	46	36	1027	584284.07364	10658305.97273
2020	284	13	46	38	1030	584280.01909	10658303.45636
2020	284	13	46	40	1032	584275.89455	10658301.04364
2020	284	13	46	42	1035	584271.77727	10658298.64091
2020	284	13	46	44	1037	584267.73909	10658296.10455
2020	284	13	46	46	1039	584263.61273	10658293.65818
2020	284	13	46	48	1042	584259.50818	10658291.15273
2020	284	13	46	50	1044	584255.42909	10658288.61455
2020	284	13	46	52	1047	584251.33636	10658286.12545
2020	284	13	46	54	1049	584247.29182	10658283.53727
2020	284	13	46	56	1051	584243.27455	10658280.92364
2020	284	13	46	58	1054	584239.14182	10658278.42545
2020	284	13	47	0	1056	584234.96545	10658275.99909
2020	284	13	47	2	1059	584230.99182	10658273.27909
2020	284	13	47	4	1061	584226.87455	10658270.74818
2020	284	13	47	6	1063	584222.69182	10658268.33636
2020	284	13	47	8	1066	584218.63364	10658265.75000
2020	284	13	47	10	1068	584214.70273	10658262.93455
2020	284	13	47	12	1071	584210.62000	10658260.41455
2020	284	13	47	14	1073	584206.52727	10658257.97182
2020	284	13	47	16	1075	584202.52818	10658255.27636
2020	284	13	47	18	1078	584198.49818	10658252.60364
2020	284	13	47	20	1080	584194.35545	10658250.22818
2020	284	13	47	22	1083	584190.29364	10658247.74273
2020	284	13	47	24	1085	584186.25818	10658245.11091
2020	284	13	47	26	1087	584182.19909	10658242.48091
2020	284	13	47	28	1090	584178.18091	10658239.92091
2020	284	13	47	30	1092	584174.32273	10658237.06091
2020	284	13	47	32	1095	584170.34000	10658234.25636
2020	284	13	47	34	1097	584166.29545	10658231.52636
2020	284	13	47	36	1100	584162.34818	10658228.70455
2020	284	13	47	38	1102	584158.45636	10658225.74545
2020	284	13	47	40	1104	584154.41182	10658223.05182
2020	284	13	47	42	1107	584150.34000	10658220.43273
2020	284	13	47	44	1109	584146.47182	10658217.52364
2020	284	13	47	46	1112	584142.47091	10658214.85636
2020	284	13	47	48	1114	584138.39000	10658212.41273
2020	284	13	47	50	1116	584134.37909	10658209.82545
2020	284	13	47	52	1119	584130.34182	10658207.12273
2020	284	13	47	54	1121	584126.18455	10658204.70182
2020	284	13	47	56	1124	584122.11091	10658202.23727
2020	284	13	47	58	1126	584118.06455	10658199.54364
2020	284	13	48	0	1129	584113.94818	10658196.85727
2020	284	13	48	2	1131	584109.86545	10658194.26091
2020	284	13	48	4	1133	584105.91818	10658191.37273
2020	284	13	48	6	1136	584101.97000	10658188.48364
2020	284	13	48	8	1138	584097.82545	10658185.79000
2020	284	13	48	10	1141	584093.88636	10658183.00636
2020	284	13	48	12	1143	584089.85909	10658180.19909
2020	284	13	48	14	1146	584085.79818	10658177.62182
2020	284	13	48	16	1148	584081.63727	10658175.17000
2020	284	13	48	18	1150	584077.57727	10658172.54182
2020	284	13	48	20	1153	584073.46455	10658170.05091
2020	284	13	48	22	1155	584069.29909	10658167.61455
2020	284	13	48	24	1158	584065.20727	10658165.04182
2020	284	13	48	26	1160	584061.10636	10658162.50273
2020	284	13	48	28	1163	584057.02545	10658159.96273
2020	284	13	48	30	1165	584052.98636	10658157.29909
2020	284	13	48	32	1167	584048.92273	10658154.63909
2020	284	13	48	34	1170	584044.82182	10658152.04818
2020	284	13	48	36	1172	584040.86000	10658149.28545
2020	284	13	48	38	1175	584036.90727	10658146.47000
2020	284	13	48	40	1177	584032.75455	10658143.91818
2020	284	13	48	42	1179	584028.64818	10658141.36545
2020	284	13	48	44	1182	584024.66545	10658138.69636
2020	284	13	48	46	1184	584020.56364	10658136.20091
2020	284	13	48	48	1187	584016.39727	10658133.78364
2020	284	13	48	50	1189	584012.28000	10658131.27636
2020	284	13	48	52	1191	584008.28909	10658128.59182
2020	284	13	48	54	1194	584004.25727	10658125.99091
2020	284	13	48	56	1196	584000.17182	10658123.35455
2020	284	13	48	58	1199	583996.13909	10658120.58818
2020	284	13	49	0	1201	583992.18818	10658117.86182
2020	284	13	49	2	1204	583988.20636	10658115.16364
2020	284	13	49	4	1206	583984.17182	10658112.50545
2020	284	13	49	6	1208	583980.13364	10658109.83091
2020	284	13	49	8	1211	583976.13727	10658107.21182
2020	284	13	49	10	1213	583972.08909	10658104.71545
2020	284	13	49	12	1216	583968.07182	10658102.09636
2020	284	13	49	14	1218	583964.02455	10658099.49273
2020	284	13	49	16	1220	583960.08273	10658096.81545
2020	284	13	49	18	1223	583956.18545	10658094.15636
2020	284	13	49	20	1225	583952.23545	10658091.42182
2020	284	13	49	22	1228	583948.27636	10658088.68909
2020	284	13	49	24	1230	583944.34545	10658086.02000
2020	284	13	49	26	1232	583940.41273	10658083.42727
2020	284	13	49	28	1235	583936.48909	10658080.79182
2020	284	13	49	30	1237	583932.53000	10658078.14000
2020	284	13	49	32	1239	583928.63273	10658075.43727
2020	284	13	49	34	1242	583924.75182	10658072.73364
2020	284	13	49	36	1244	583920.84000	10658070.05273
2020	284	13	49	38	1247	583916.89091	10658067.23182
2020	284	13	49	40	1249	583912.95000	10658064.58000
2020	284	13	49	42	1251	583909.01182	10658061.94000
2020	284	13	49	44	1254	583905.03727	10658059.27636
2020	284	13	49	46	1256	583901.09273	10658056.51182
2020	284	13	49	48	1258	583897.17273	10658053.78455
2020	284	13	49	50	1261	583893.21818	10658051.15364
2020	284	13	49	52	1263	583889.23000	10658048.44455
2020	284	13	49	54	1266	583885.31364	10658045.71455
2020	284	13	49	56	1268	583881.44636	10658042.91545
2020	284	13	49	58	1270	583877.46455	10658040.30727
2020	284	13	50	0	1273	583873.52818	10658037.56636
2020	284	13	50	2	1275	583869.75727	10658034.57818
2020	284	13	50	4	1278	583865.87909	10658031.74909
2020	284	13	50	6	1280	583861.91000	10658029.13000
2020	284	13	50	8	1282	583858.01273	10658026.43273
2020	284	13	50	10	1285	583854.17000	10658023.56455
2020	284	13	50	12	1287	583850.18545	10658021.01455
2020	284	13	50	14	1290	583846.10545	10658018.62818
2020	284	13	50	16	1292	583842.15636	10658016.00000
2020	284	13	50	18	1294	583838.21545	10658013.34000
2020	284	13	50	20	1297	583834.21000	10658010.80273
2020	284	13	50	22	1299	583830.14182	10658008.35182
2020	284	13	50	24	1301	583826.21000	10658005.71091
2020	284	13	50	26	1304	583822.29182	10658003.06455
2020	284	13	50	28	1306	583818.22455	10658000.62091
2020	284	13	50	30	1308	583814.13909	10657998.17364
2020	284	13	50	32	1311	583810.11545	10657995.71455
2020	284	13	50	34	1313	583806.11273	10657993.22364
2020	284	13	50	36	1316	583802.07182	10657990.75364
2020	284	13	50	38	1318	583798.04636	10657988.23455
2020	284	13	50	40	1320	583794.09364	10657985.61273
2020	284	13	50	42	1323	583790.14455	10657982.97364
2020	284	13	50	44	1325	583786.18091	10657980.40545
2020	284	13	50	46	1327	583782.14000	10657977.90364
2020	284	13	50	48	1330	583778.17455	10657975.23273
2020	284	13	50	50	1332	583774.21000	10657972.56182
2020	284	13	50	52	1335	583770.16545	10657970.06273
2020	284	13	50	54	1337	583766.13727	10657967.38727
2020	284	13	50	56	1339	583762.17455	10657964.69091
2020	284	13	50	58	1342	583758.08364	10657962.17091
2020	284	13	51	0	1344	583754.00636	10657959.72636
2020	284	13	51	2	1347	583749.92636	10657957.17273
2020	284	13	51	4	1349	583745.83364	10657954.62545
2020	284	13	51	6	1351	583741.79273	10657952.10000
2020	284	13	51	8	1354	583737.76273	10657949.51545
2020	284	13	51	10	1356	583733.71727	10657946.90545
2020	284	13	51	12	1359	583729.69364	10657944.22818
2020	284	13	51	14	1361	583725.65909	10657941.66091
2020	284	13	51	16	1363	583721.59727	10657939.14545
2020	284	13	51	18	1366	583717.51455	10657936.59000
2020	284	13	51	20	1368	583713.44273	10657933.97545
2020	284	13	51	22	1371	583709.32455	10657931.55091
2020	284	13	51	24	1373	583705.19727	10657929.18091
2020	284	13	51	26	1375	583701.11000	10657926.65818
2020	284	13	51	28	1378	583697.00182	10657924.23273
2020	284	13	51	30	1380	583692.80727	10657921.94091
2020	284	13	51	32	1383	583688.70364	10657919.55909
2020	284	13	51	34	1385	583684.67727	10657917.03545
2020	284	13	51	36	1387	583680.59000	10657914.59000
2020	284	13	51	38	1390	583676.49273	10657912.17909
2020	284	13	51	40	1392	583672.41818	10657909.73545
2020	284	13	51	42	1394	583668.45364	10657907.12636
2020	284	13	51	44	1397	583664.41364	10657904.56818
2020	284	13	51	46	1399	583660.32545	10657902.05636
2020	284	13	51	48	1402	583656.40545	10657899.50091
2020	284	13	51	50	1404	583652.39182	10657896.84727
2020	284	13	51	52	1406	583648.40818	10657894.14727
2020	284	13	51	54	1409	583644.39636	10657891.54000
2020	284	13	51	56	1411	583640.39273	10657888.92818
2020	284	13	51	58	1414	583636.37182	10657886.32909
2020	284	13	52	0	1416	583632.27636	10657883.71636
2020	284	13	52	2	1418	583628.22636	10657881.14182
2020	284	13	52	4	1421	583624.16273	10657878.66000
2020	284	13	52	6	1423	583620.11000	10657876.22909
2020	284	13	52	8	1426	583616.07818	10657873.59545
2020	284	13	52	10	1428	583612.01818	10657870.97636
2020	284	13	52	12	1430	583607.94455	10657868.54727
2020	284	13	52	14	1433	583603.91909	10657865.95545
2020	284	13	52	16	1435	583599.91364	10657863.13909
2020	284	13	52	18	1438	583595.80909	10657860.56364
2020	284	13	52	20	1440	583591.69545	10657858.04545
2020	284	13	52	22	1442	583587.76545	10657855.22455
2020	284	13	52	24	1445	583583.70909	10657852.49636
2020	284	13	52	26	1447	583579.59727	10657849.93727
2020	284	13	52	28	1450	583575.52909	10657847.41727
2020	284	13	52	30	1452	583571.48636	10657844.80455
2020	284	13	52	32	1454	583567.33091	10657842.36455
2020	284	13	52	34	1457	583563.14364	10657840.00909
2020	284	13	52	36	1459	583559.04818	10657837.57273
2020	284	13	52	38	1462	583554.84455	10657835.18364
2020	284	13	52	40	1464	583550.73091	10657832.84636
2020	284	13	52	42	1466	583546.70545	10657830.40455
2020	284	13	52	44	1469	583542.59909	10657828.02273
2020	284	13	52	46	1471	583538.52909	10657825.66091
2020	284	13	52	48	1473	583534.51455	10657823.30364
2020	284	13	52	50	1476	583530.55000	10657820.82273
2020	284	13	52	52	1478	583526.51727	10657818.31727
2020	284	13	52	54	1480	583522.56000	10657815.82818
2020	284	13	52	56	1483	583518.73818	10657813.19273
2020	284	13	52	58	1485	583514.84273	10657810.48636
2020	284	13	53	0	1488	583510.98273	10657807.75000
2020	284	13	53	2	1490	583507.19545	10657805.04818
2020	284	13	53	4	1492	583503.48182	10657802.19455
2020	284	13	53	6	1495	583499.65636	10657799.42727
2020	284	13	53	8	1497	583495.82273	10657796.77182
2020	284	13	53	10	1499	583492.03000	10657794.13364
2020	284	13	53	12	1502	583488.19182	10657791.47000
2020	284	13	53	14	1504	583484.22909	10657788.92909
2020	284	13	53	16	1506	583480.30545	10657786.39000
2020	284	13	53	18	1509	583476.49818	10657783.73091
2020	284	13	53	20	1511	583472.60909	10657781.03818
2020	284	13	53	22	1513	583468.65182	10657778.41000
2020	284	13	53	24	1516	583464.79000	10657775.74636
2020	284	13	53	26	1518	583461.06909	10657772.90545
2020	284	13	53	28	1520	583457.21091	10657770.15182
2020	284	13	53	30	1523	583453.25455	10657767.54455
2020	284	13	53	32	1525	583449.49727	10657764.80545
2020	284	13	53	34	1527	583445.75909	10657761.97818
2020	284	13	53	36	1530	583441.91091	10657759.24091
2020	284	13	53	38	1532	583437.98000	10657756.60182
2020	284	13	53	40	1534	583434.16545	10657753.93455
2020	284	13	53	42	1537	583430.30727	10657751.23636
2020	284	13	53	44	1539	583426.34545	10657748.62364
2020	284	13	53	46	1542	583422.32091	10657746.08182
2020	284	13	53	48	1544	583418.39091	10657743.61182
2020	284	13	53	50	1546	583414.42000	10657741.07636
2020	284	13	53	52	1549	583410.41636	10657738.45636
2020	284	13	53	54	1551	583406.49182	10657735.82000
2020	284	13	53	56	1553	583402.60455	10657733.13636
2020	284	13	53	58	1556	583398.71273	10657730.43636
2020	284	13	54	0	1558	583394.78636	10657727.68364
2020	284	13	54	2	1561	583390.91545	10657724.92636
2020	284	13	54	4	1563	583387.00818	10657722.30182
2020	284	13	54	6	1565	583383.04273	10657719.75091
2020	284	13	54	8	1568	583379.18182	10657717.12636
2020	284	13	54	10	1570	583375.24909	10657714.59091
2020	284	13	54	12	1572	583371.35000	10657712.09091
2020	284	13	54	14	1575	583367.39455	10657709.61455
2020	284	13	54	16	1577	583363.47364	10657707.07000
2020	284	13	54	18	1579	583359.53364	10657704.51545
2020	284	13	54	20	1582	583355.62545	10657701.96000
2020	284	13	54	22	1584	583351.72182	10657699.36818
2020	284	13	54	24	1586	583347.78273	10657696.80000
2020	284	13	54	26	1589	583344.00182	10657694.08727
2020	284	13	54	28	1591	583340.16636	10657691.48182
2020	284	13	54	30	1593	583336.28545	10657688.84636
2020	284	13	54	32	1596	583332.41727	10657686.12091
2020	284	13	54	34	1598	583328.71000	10657683.27909
2020	284	13	54	36	1600	583324.90545	10657680.54273
2020	284	13	54	38	1603	583321.01364	10657677.84091
2020	284	13	54	40	1605	583317.23273	10657674.98545
2020	284	13	54	42	1607	583313.42091	10657672.19545
2020	284	13	54	44	1610	583309.57273	10657669.49909
2020	284	13	54	46	1612	583305.78818	10657666.72727
2020	284	13	54	48	1614	583301.93182	10657663.92727
2020	284	13	54	50	1617	583298.09545	10657661.18000
2020	284	13	54	52	1619	583294.17182	10657658.50636
2020	284	13	54	54	1622	583290.24273	10657655.85455
2020	284	13	54	56	1624	583286.11636	10657653.38091
2020	284	13	54	58	1626	583282.06545	10657651.06727
2020	284	13	55	0	1629	583277.97545	10657648.78455
2020	284	13	55	2	1631	583273.82727	10657646.59818
2020	284	13	55	4	1633	583269.62000	10657644.48727
2020	284	13	55	6	1636	583265.46000	10657642.29091
2020	284	13	55	8	1638	583261.40091	10657639.98727
2020	284	13	55	10	1640	583257.23091	10657637.73909
2020	284	13	55	12	1643	583253.00545	10657635.42000
2020	284	13	55	14	1645	583248.90636	10657633.18636
2020	284	13	55	16	1647	583244.91909	10657630.91818
2020	284	13	55	18	1650	583240.82000	10657628.67909
2020	284	13	55	20	1652	583236.65182	10657626.49727
2020	284	13	55	22	1654	583232.64455	10657624.09636
2020	284	13	55	24	1657	583228.62364	10657621.74727
2020	284	13	55	26	1659	583224.52636	10657619.32000
2020	284	13	55	28	1662	583220.35000	10657616.96091
2020	284	13	55	30	1664	583216.35455	10657614.48455
2020	284	13	55	32	1666	583212.28273	10657612.04273
2020	284	13	55	34	1669	583208.09545	10657609.82091
2020	284	13	55	36	1671	583204.02909	10657607.33818
2020	284	13	55	38	1673	583199.96818	10657604.89091
2020	284	13	55	40	1676	583195.91909	10657602.51818
2020	284	13	55	42	1678	583191.83182	10657600.07364
2020	284	13	55	44	1681	583187.88455	10657597.41545
2020	284	13	55	46	1683	583183.90818	10657594.81364
2020	284	13	55	48	1685	583179.85818	10657592.26818
2020	284	13	55	50	1688	583175.93455	10657589.61455
2020	284	13	55	52	1690	583172.00091	10657586.97455
2020	284	13	55	54	1692	583168.06909	10657584.31364
2020	284	13	55	56	1695	583164.09273	10657581.70727
2020	284	13	55	58	1697	583160.19818	10657579.13091
2020	284	13	56	0	1699	583156.30364	10657576.44455
2020	284	13	56	2	1702	583152.35364	10657573.74091
2020	284	13	56	4	1704	583148.34000	10657571.17455
2020	284	13	56	6	1707	583144.39182	10657568.58909
2020	284	13	56	8	1709	583140.46455	10657565.87727
2020	284	13	56	10	1711	583136.41273	10657563.35182
2020	284	13	56	12	1714	583132.37091	10657560.82818
2020	284	13	56	14	1716	583128.46727	10657558.26636
2020	284	13	56	16	1718	583124.44091	10657555.78182
2020	284	13	56	18	1721	583120.40091	10657553.28000
2020	284	13	56	20	1723	583116.38545	10657550.76727
2020	284	13	56	22	1726	583112.49000	10657548.14727
2020	284	13	56	24	1728	583108.56909	10657545.52818
2020	284	13	56	26	1730	583104.60455	10657542.88455
2020	284	13	56	28	1733	583100.77364	10657540.16000
2020	284	13	56	30	1735	583096.87182	10657537.53000
2020	284	13	56	32	1737	583093.02364	10657534.79364
2020	284	13	56	34	1740	583089.13818	10657532.20455
2020	284	13	56	36	1742	583085.20455	10657529.63182
2020	284	13	56	38	1744	583081.28273	10657527.09364
2020	284	13	56	40	1747	583077.34364	10657524.52455
2020	284	13	56	42	1749	583073.44636	10657521.87909
2020	284	13	56	44	1751	583069.53909	10657519.28727
2020	284	13	56	46	1754	583065.60909	10657516.68909
2020	284	13	56	48	1756	583061.74364	10657513.95000
2020	284	13	56	50	1759	583057.85182	10657511.26636
2020	284	13	56	52	1761	583053.91727	10657508.74727
2020	284	13	56	54	1763	583049.97636	10657506.16182
2020	284	13	56	56	1766	583046.05000	10657503.57455
2020	284	13	56	58	1768	583042.01727	10657501.19636
2020	284	13	57	0	1770	583037.94727	10657498.84455
2020	284	13	57	2	1773	583033.90818	10657496.41182
2020	284	13	57	4	1775	583029.92636	10657493.89091
2020	284	13	57	6	1777	583025.86818	10657491.45364
2020	284	13	57	8	1780	583021.76091	10657489.00364
2020	284	13	57	10	1782	583017.83273	10657486.38364
2020	284	13	57	12	1784	583013.90000	10657483.71818
2020	284	13	57	14	1787	583009.80818	10657481.27818
2020	284	13	57	16	1789	583005.69182	10657478.87545
2020	284	13	57	18	1792	583001.75364	10657476.34091
2020	284	13	57	20	1794	582997.69727	10657473.86818
2020	284	13	57	22	1796	582993.55636	10657471.54455
2020	284	13	57	24	1799	582989.52182	10657469.12545
2020	284	13	57	26	1801	582985.58636	10657466.55364
2020	284	13	57	28	1803	582981.58818	10657464.04455
2020	284	13	57	30	1806	582977.52091	10657461.59909
2020	284	13	57	32	1808	582973.55909	10657459.07636
2020	284	13	57	34	1810	582969.58909	10657456.57636
2020	284	13	57	36	1813	582965.60364	10657454.07091
2020	284	13	57	38	1815	582961.64273	10657451.53091
2020	284	13	57	40	1818	582957.73364	10657448.93000
2020	284	13	57	42	1820	582953.80455	10657446.39909
2020	284	13	57	44	1822	582949.94364	10657443.73455
2020	284	13	57	46	1825	582946.07000	10657441.02091
2020	284	13	57	48	1827	582942.10273	10657438.45182
2020	284	13	57	50	1829	582938.23000	10657435.86182
2020	284	13	57	52	1832	582934.43545	10657433.11000
2020	284	13	57	54	1834	582930.60273	10657430.40818
2020	284	13	57	56	1836	582926.68909	10657427.81182
2020	284	13	57	58	1839	582922.89000	10657425.09818
2020	284	13	58	0	1841	582919.17182	10657422.26636
2020	284	13	58	2	1843	582915.31364	10657419.53545
2020	284	13	58	4	1846	582911.39000	10657416.96636
2020	284	13	58	6	1848	582907.52636	10657414.36727
2020	284	13	58	8	1850	582903.71091	10657411.74000
2020	284	13	58	10	1853	582899.71818	10657409.14455
2020	284	13	58	12	1855	582895.63727	10657406.85091
2020	284	13	58	14	1857	582891.68000	10657404.31545
2020	284	13	58	16	1860	582887.73455	10657401.78000
2020	284	13	58	18	1862	582883.57091	10657399.37000
2020	284	13	58	20	1865	582879.49273	10657396.92636
2020	284	13	58	22	1867	582875.50818	10657394.41182
2020	284	13	58	24	1869	582871.41727	10657391.97545
2020	284	13	58	26	1872	582867.20273	10657389.62182
2020	284	13	58	28	1874	582863.11091	10657387.07182
2020	284	13	58	30	1876	582858.99091	10657384.62455
2020	284	13	58	32	1879	582854.81818	10657382.18818
2020	284	13	58	34	1881	582850.69636	10657379.72909
2020	284	13	58	36	1884	582846.55909	10657377.32091
2020	284	13	58	38	1886	582842.47636	10657375.08455
2020	284	13	58	40	1888	582838.33455	10657372.90000
2020	284	13	58	42	1891	582834.16818	10657370.74000
2020	284	13	58	44	1893	582829.96455	10657368.65364
2020	284	13	58	46	1895	582825.84364	10657366.46091
2020	284	13	58	48	1898	582821.73364	10657364.11727
2020	284	13	58	50	1900	582817.55182	10657361.85818
2020	284	13	58	52	1902	582813.51091	10657359.39182
2020	284	13	58	54	1905	582809.58455	10657356.73364
2020	284	13	58	56	1907	582805.52091	10657354.19636
2020	284	13	58	58	1910	582801.54000	10657351.55545
2020	284	13	59	0	1912	582797.61727	10657348.75636
2020	284	13	59	2	1914	582793.75273	10657345.81364
2020	284	13	59	4	1917	582789.82182	10657343.01818
2020	284	13	59	6	1919	582785.99545	10657340.03364
2020	284	13	59	8	1922	582782.13000	10657337.08364
2020	284	13	59	10	1924	582778.32091	10657334.17636
2020	284	13	59	12	1927	582774.47273	10657331.24091
2020	284	13	59	14	1929	582770.54273	10657328.39000
2020	284	13	59	16	1931	582766.53818	10657325.61455
2020	284	13	59	18	1934	582762.55273	10657322.90182
2020	284	13	59	20	1936	582758.47818	10657320.24636
2020	284	13	59	22	1939	582754.43273	10657317.49636
2020	284	13	59	24	1941	582750.31273	10657314.82182
2020	284	13	59	26	1944	582746.17727	10657312.26455
2020	284	13	59	28	1946	582742.27000	10657309.44455
2020	284	13	59	30	1948	582738.29091	10657306.51182
2020	284	13	59	32	1951	582734.20636	10657303.78000
2020	284	13	59	34	1953	582730.24909	10657300.99364
2020	284	13	59	36	1956	582726.47909	10657297.94909
2020	284	13	59	38	1958	582722.52091	10657295.02091
2020	284	13	59	40	1961	582718.38000	10657292.40000
2020	284	13	59	42	1963	582714.42545	10657289.64364
2020	284	13	59	44	1966	582710.44636	10657286.94364
2020	284	13	59	46	1968	582706.28455	10657284.45455
2020	284	13	59	48	1970	582702.16273	10657281.89182
2020	284	13	59	50	1973	582698.16182	10657279.26000
2020	284	13	59	52	1975	582694.10636	10657276.72273
2020	284	13	59	54	1978	582689.98636	10657274.10182
2020	284	13	59	56	1980	582686.00909	10657271.32364
2020	284	13	59	58	1982	582682.07364	10657268.58636
2020	284	14	0	0	1985	582678.06727	10657265.86818
2020	284	14	0	2	1987	582674.18818	10657262.94455
2020	284	14	0	4	1990	582670.37091	10657259.97273
2020	284	14	0	6	1992	582666.51727	10657257.14545
2020	284	14	0	8	1994	582662.62909	10657254.30455
2020	284	14	0	10	1997	582658.87727	10657251.31818
2020	284	14	0	12	1999	582655.09455	10657248.31545
2020	284	14	0	14	2002	582651.30091	10657245.34364
2020	284	14	0	16	2004	582647.54727	10657242.28273
2020	284	14	0	18	2007	582643.86727	10657239.08545
2020	284	14	0	20	2009	582640.02727	10657235.99182
2020	284	14	0	22	2011	582636.21182	10657232.93818
2020	284	14	0	24	2014	582632.43273	10657229.97455
2020	284	14	0	26	2016	582628.55727	10657227.03727
2020	284	14	0	28	2019	582624.63455	10657224.14182
2020	284	14	0	30	2021	582620.68909	10657221.24000
2020	284	14	0	32	2024	582616.73364	10657218.39636
2020	284	14	0	34	2026	582612.74636	10657215.59909
2020	284	14	0	36	2029	582608.68000	10657212.77000
2020	284	14	0	38	2031	582604.63909	10657209.98364
2020	284	14	0	40	2033	582600.50364	10657207.40000
2020	284	14	0	42	2036	582596.35000	10657204.90545
2020	284	14	0	44	2038	582592.18636	10657202.40273
2020	284	14	0	46	2041	582588.07000	10657199.80182
2020	284	14	0	48	2043	582583.86364	10657197.41909
2020	284	14	0	50	2046	582579.71727	10657194.99000
2020	284	14	0	52	2048	582575.71455	10657192.24545
2020	284	14	0	54	2050	582571.67273	10657189.61818
2020	284	14	0	56	2053	582567.51364	10657187.16545
2020	284	14	0	58	2055	582563.49636	10657184.55000
2020	284	14	1	0	2058	582559.45000	10657181.88091
2020	284	14	1	2	2060	582555.30636	10657179.49545
2020	284	14	1	4	2062	582551.11091	10657177.17909
2020	284	14	1	6	2065	582547.06455	10657174.56000
2020	284	14	1	8	2067	582542.97091	10657172.09273
2020	284	14	1	10	2070	582538.79818	10657169.74182
2020	284	14	1	12	2072	582534.71818	10657167.18091
2020	284	14	1	14	2074	582530.66000	10657164.54727
2020	284	14	1	16	2077	582526.54909	10657162.01636
2020	284	14	1	18	2079	582522.50909	10657159.41182
2020	284	14	1	20	2082	582518.51727	10657156.63364
2020	284	14	1	22	2084	582514.45273	10657153.99000
2020	284	14	1	24	2087	582510.42000	10657151.34455
2020	284	14	1	26	2089	582506.42636	10657148.66727
2020	284	14	1	28	2091	582502.42545	10657146.06000
2020	284	14	1	30	2094	582498.23273	10657143.55455
2020	284	14	1	32	2096	582494.19364	10657140.93818
2020	284	14	1	34	2099	582490.10909	10657138.35818
2020	284	14	1	36	2101	582485.93636	10657135.81182
2020	284	14	1	38	2103	582481.86364	10657133.11818
2020	284	14	1	40	2106	582477.84091	10657130.48909
2020	284	14	1	42	2108	582473.72182	10657127.97909
2020	284	14	1	44	2111	582469.60182	10657125.45909
2020	284	14	1	46	2113	582465.53455	10657122.86545
2020	284	14	1	48	2115	582461.46000	10657120.37545
2020	284	14	1	50	2118	582457.30545	10657117.84364
2020	284	14	1	52	2120	582453.23273	10657115.23182
2020	284	14	1	54	2123	582449.21545	10657112.48545
2020	284	14	1	56	2125	582445.09727	10657109.89364
2020	284	14	1	58	2128	582440.99000	10657107.31091
2020	284	14	2	0	2130	582436.90364	10657104.63273
2020	284	14	2	2	2133	582432.75091	10657102.10182
2020	284	14	2	4	2135	582428.51545	10657099.70091
2020	284	14	2	6	2137	582424.33455	10657097.29636
2020	284	14	2	8	2140	582420.11818	10657094.90818
2020	284	14	2	10	2142	582415.83000	10657092.51545
2020	284	14	2	12	2145	582411.58636	10657090.16545
2020	284	14	2	14	2147	582407.39727	10657087.68636
2020	284	14	2	16	2150	582403.18636	10657085.21636
2020	284	14	2	18	2152	582398.94364	10657082.74727
2020	284	14	2	20	2154	582394.75182	10657080.25000
2020	284	14	2	22	2157	582390.54455	10657077.78636
2020	284	14	2	24	2159	582386.33182	10657075.29545
2020	284	14	2	26	2162	582382.16545	10657072.86909
2020	284	14	2	28	2164	582378.03364	10657070.42273
2020	284	14	2	30	2167	582373.81455	10657068.11545
2020	284	14	2	32	2169	582369.60000	10657065.83545
2020	284	14	2	34	2171	582365.44182	10657063.43364
2020	284	14	2	36	2174	582361.20000	10657061.10818
2020	284	14	2	38	2176	582356.95727	10657058.75000
2020	284	14	2	40	2179	582352.89091	10657056.25909
2020	284	14	2	42	2181	582348.83091	10657053.70909
2020	284	14	2	44	2183	582344.69273	10657051.27818
2020	284	14	2	46	2186	582340.63818	10657048.86273
2020	284	14	2	48	2188	582336.57545	10657046.34455
2020	284	14	2	50	2191	582332.46364	10657043.80455
2020	284	14	2	52	2193	582328.37273	10657041.28818
2020	284	14	2	54	2195	582324.33000	10657038.71727
2020	284	14	2	56	2198	582320.18455	10657036.09273
2020	284	14	2	58	2200	582316.18545	10657033.45182
2020	284	14	3	0	2203	582312.15727	10657030.79545
2020	284	14	3	2	2205	582308.17091	10657028.12000
2020	284	14	3	4	2207	582304.18000	10657025.46636
2020	284	14	3	6	2210	582300.20545	10657022.69000
2020	284	14	3	8	2212	582296.29909	10657019.85273
2020	284	14	3	10	2215	582292.39455	10657017.10818
2020	284	14	3	12	2217	582288.54000	10657014.27727
2020	284	14	3	14	2219	582284.68545	10657011.36455
2020	284	14	3	16	2222	582280.82091	10657008.53727
2020	284	14	3	18	2224	582276.92182	10657005.80636
2020	284	14	3	20	2227	582273.12000	10657002.96636
2020	284	14	3	22	2229	582269.30273	10657000.19545
2020	284	14	3	24	2231	582265.42182	10656997.47818
2020	284	14	3	26	2234	582261.66909	10656994.62182
2020	284	14	3	28	2236	582257.91545	10656991.69455
2020	284	14	3	30	2238	582254.13909	10656988.77455
2020	284	14	3	32	2241	582250.29091	10656985.81727
2020	284	14	3	34	2243	582246.54818	10656982.81727
2020	284	14	3	36	2246	582242.74545	10656979.92000
2020	284	14	3	38	2248	582238.91091	10656977.02273
2020	284	14	3	40	2250	582235.09727	10656974.11636
2020	284	14	3	42	2253	582231.22364	10656971.30273
2020	284	14	3	44	2255	582227.29455	10656968.53091
2020	284	14	3	46	2258	582223.38909	10656965.76364
2020	284	14	3	48	2260	582219.46818	10656963.12273
2020	284	14	3	50	2262	582215.46182	10656960.60636
2020	284	14	3	52	2265	582211.43455	10656958.12909
2020	284	14	3	54	2267	582207.34636	10656955.74636
2020	284	14	3	56	2269	582203.18273	10656953.59636
2020	284	14	3	58	2272	582199.06909	10656951.34727
2020	284	14	4	0	2274	582194.97364	10656948.98636
2020	284	14	4	2	2276	582190.86909	10656946.72909
2020	284	14	4	4	2279	582186.81273	10656944.48455
2020	284	14	4	6	2281	582182.81727	10656942.06455
2020	284	14	4	8	2283	582178.74909	10656939.69364
2020	284	14	4	10	2286	582174.64364	10656937.43818
2020	284	14	4	12	2288	582170.59636	10656935.16545
2020	284	14	4	14	2290	582166.53364	10656932.81545
2020	284	14	4	16	2293	582162.48818	10656930.35000
2020	284	14	4	18	2295	582158.49636	10656927.82727
2020	284	14	4	20	2298	582154.48182	10656925.32545
2020	284	14	4	22	2300	582150.53182	10656922.78364
2020	284	14	4	24	2302	582146.58000	10656920.14182
2020	284	14	4	26	2305	582142.58636	10656917.60091
2020	284	14	4	28	2307	582138.61545	10656915.08364
2020	284	14	4	30	2309	582134.65909	10656912.57909
2020	284	14	4	32	2312	582130.76273	10656909.93364
2020	284	14	4	34	2314	582126.80818	10656907.40182
2020	284	14	4	36	2316	582122.91364	10656904.76091
2020	284	14	4	38	2319	582118.97091	10656902.14545
2020	284	14	4	40	2321	582115.04091	10656899.54000
2020	284	14	4	42	2324	582111.08636	10656896.88273
2020	284	14	4	44	2326	582107.14909	10656894.12182
2020	284	14	4	46	2328	582103.17545	10656891.45727
2020	284	14	4	48	2331	582099.22091	10656888.78091
2020	284	14	4	50	2333	582095.28545	10656886.04364
2020	284	14	4	52	2335	582091.29000	10656883.44182
2020	284	14	4	54	2338	582087.30182	10656880.89818
2020	284	14	4	56	2340	582083.27455	10656878.39091
2020	284	14	4	58	2343	582079.33182	10656875.82364
2020	284	14	5	0	2345	582075.27636	10656873.35636
2020	284	14	5	2	2347	582071.25182	10656870.90545
2020	284	14	5	4	2350	582067.22545	10656868.43091
2020	284	14	5	6	2352	582063.18818	10656865.99636
2020	284	14	5	8	2354	582059.12636	10656863.50273
2020	284	14	5	10	2357	582054.98545	10656861.16818
2020	284	14	5	12	2359	582050.91909	10656858.73636
2020	284	14	5	14	2362	582046.88818	10656856.16182
2020	284	14	5	16	2364	582042.81091	10656853.67000
2020	284	14	5	18	2366	582038.66364	10656851.23000
2020	284	14	5	20	2369	582034.63364	10656848.69364
2020	284	14	5	22	2371	582030.64000	10656846.03364
2020	284	14	5	24	2374	582026.47636	10656843.55636
2020	284	14	5	26	2376	582022.35091	10656841.05273
2020	284	14	5	28	2378	582018.37727	10656838.40545
2020	284	14	5	30	2381	582014.20636	10656835.93091
2020	284	14	5	32	2383	582010.02636	10656833.48727
2020	284	14	5	34	2386	582005.86818	10656831.00364
2020	284	14	5	36	2388	582001.75545	10656828.47909
2020	284	14	5	38	2390	581997.48818	10656826.13909
2020	284	14	5	40	2393	581993.27818	10656823.80545
2020	284	14	5	42	2395	581989.09727	10656821.41909
2020	284	14	5	44	2398	581984.87727	10656819.12455
2020	284	14	5	46	2400	581980.63455	10656816.91091
2020	284	14	5	48	2402	581976.43545	10656814.55182
2020	284	14	5	50	2405	581972.24455	10656812.12364
2020	284	14	5	52	2407	581968.00909	10656809.83909
2020	284	14	5	54	2410	581963.83000	10656807.47636
2020	284	14	5	56	2412	581959.66636	10656804.99727
2020	284	14	5	58	2415	581955.51273	10656802.48000
2020	284	14	6	0	2417	581951.37636	10656799.94727
2020	284	14	6	2	2419	581947.29000	10656797.24455
2020	284	14	6	4	2422	581943.30182	10656794.33545
2020	284	14	6	6	2424	581939.27636	10656791.50000
2020	284	14	6	8	2427	581935.29364	10656788.66273
2020	284	14	6	10	2429	581931.34000	10656785.71000
2020	284	14	6	12	2432	581927.43091	10656782.75091
2020	284	14	6	14	2434	581923.39909	10656779.97727
2020	284	14	6	16	2437	581919.41818	10656777.18182
2020	284	14	6	18	2439	581915.47545	10656774.25727
2020	284	14	6	20	2442	581911.49273	10656771.36000
2020	284	14	6	22	2444	581907.39364	10656768.68455
2020	284	14	6	24	2446	581903.41727	10656765.85182
2020	284	14	6	26	2449	581899.46818	10656762.99273
2020	284	14	6	28	2451	581895.38455	10656760.21364
2020	284	14	6	30	2454	581891.31727	10656757.44182
2020	284	14	6	32	2456	581887.43455	10656754.58545
2020	284	14	6	34	2459	581883.51364	10656751.56727
2020	284	14	6	36	2461	581879.52636	10656748.64909
2020	284	14	6	38	2464	581875.54182	10656745.81636
2020	284	14	6	40	2466	581871.58364	10656742.95909
2020	284	14	6	42	2468	581867.64909	10656740.04091
2020	284	14	6	44	2471	581863.55909	10656737.18091
2020	284	14	6	46	2473	581859.53455	10656734.35364
2020	284	14	6	48	2476	581855.51909	10656731.50000
2020	284	14	6	50	2478	581851.59364	10656728.54455
2020	284	14	6	52	2481	581847.60273	10656725.63636
2020	284	14	6	54	2483	581843.56727	10656722.81091
2020	284	14	6	56	2486	581839.57000	10656719.98273
2020	284	14	6	58	2488	581835.54182	10656717.19273
2020	284	14	7	0	2491	581831.44364	10656714.45000
2020	284	14	7	2	2493	581827.34273	10656711.74545
2020	284	14	7	4	2496	581823.19455	10656709.15818
2020	284	14	7	6	2498	581819.01455	10656706.55091
2020	284	14	7	8	2500	581814.86727	10656703.86091
2020	284	14	7	10	2503	581810.79273	10656701.24455
2020	284	14	7	12	2505	581806.66455	10656698.62455
2020	284	14	7	14	2508	581802.62909	10656695.85818
2020	284	14	7	16	2510	581798.66909	10656693.02636
2020	284	14	7	18	2513	581794.70182	10656690.32727
2020	284	14	7	20	2515	581790.65182	10656687.56636
2020	284	14	7	22	2518	581786.75091	10656684.68091
2020	284	14	7	24	2520	581782.93091	10656681.77727
2020	284	14	7	26	2522	581778.98545	10656678.96273
2020	284	14	7	28	2525	581775.20455	10656675.84455
2020	284	14	7	30	2527	581771.53636	10656672.73182
2020	284	14	7	32	2530	581767.68818	10656669.74818
2020	284	14	7	34	2532	581763.79818	10656666.70273
2020	284	14	7	36	2535	581759.97636	10656663.72636
2020	284	14	7	38	2537	581756.09273	10656660.82818
2020	284	14	7	40	2539	581752.10636	10656658.03727
2020	284	14	7	42	2542	581748.07636	10656655.19818
2020	284	14	7	44	2544	581744.16636	10656652.37727
2020	284	14	7	46	2547	581740.14636	10656649.71545
2020	284	14	7	48	2549	581736.13000	10656647.01364
2020	284	14	7	50	2552	581732.02273	10656644.41000
2020	284	14	7	52	2554	581727.89000	10656641.96091
2020	284	14	7	54	2556	581723.77455	10656639.58182
2020	284	14	7	56	2559	581719.61273	10656637.09273
2020	284	14	7	58	2561	581715.48545	10656634.67364
2020	284	14	8	0	2563	581711.29455	10656632.38273
2020	284	14	8	2	2566	581707.22182	10656629.83455
2020	284	14	8	4	2568	581703.11091	10656627.25273
2020	284	14	8	6	2571	581698.97273	10656624.79273
2020	284	14	8	8	2573	581694.84364	10656622.30273
2020	284	14	8	10	2576	581690.75455	10656619.67636
2020	284	14	8	12	2578	581686.72727	10656617.01182
2020	284	14	8	14	2580	581682.68273	10656614.39091
2020	284	14	8	16	2583	581678.59364	10656611.73636
2020	284	14	8	18	2585	581674.56182	10656608.87818
2020	284	14	8	20	2588	581670.62818	10656606.04000
2020	284	14	8	22	2590	581666.55364	10656603.31273
2020	284	14	8	24	2593	581662.55545	10656600.59455
2020	284	14	8	26	2595	581658.59091	10656597.76364
2020	284	14	8	28	2597	581654.65727	10656595.03364
2020	284	14	8	30	2600	581650.59364	10656592.48364
2020	284	14	8	32	2602	581646.50636	10656589.85000
2020	284	14	8	34	2605	581642.42909	10656587.14545
2020	284	14	8	36	2607	581638.37455	10656584.64091
2020	284	14	8	38	2610	581634.27273	10656582.04455
2020	284	14	8	40	2612	581630.12909	10656579.45182
2020	284	14	8	42	2614	581625.98364	10656577.01545
2020	284	14	8	44	2617	581621.88727	10656574.47727
2020	284	14	8	46	2619	581617.71182	10656571.95545
2020	284	14	8	48	2622	581613.51182	10656569.60727
2020	284	14	8	50	2624	581609.26727	10656567.31818
2020	284	14	8	52	2626	581605.19636	10656564.76000
2020	284	14	8	54	2629	581601.07818	10656562.31273
2020	284	14	8	56	2631	581596.81909	10656560.15364
2020	284	14	8	58	2634	581592.68636	10656557.71455
2020	284	14	9	0	2636	581588.58545	10656555.20182
2020	284	14	9	2	2638	581584.36182	10656552.99545
2020	284	14	9	4	2641	581580.09455	10656550.87455
2020	284	14	9	6	2643	581575.95636	10656548.48909
2020	284	14	9	8	2646	581571.77727	10656546.19909
2020	284	14	9	10	2648	581567.49727	10656544.08545
2020	284	14	9	12	2650	581563.30818	10656541.75091
2020	284	14	9	14	2653	581559.18364	10656539.27727
2020	284	14	9	16	2655	581555.02364	10656536.82455
2020	284	14	9	18	2658	581550.88364	10656534.39091
2020	284	14	9	20	2660	581546.78091	10656531.83182
2020	284	14	9	22	2662	581542.71545	10656529.20273
2020	284	14	9	24	2665	581538.60091	10656526.62000
2020	284	14	9	26	2667	581534.48364	10656524.12909
2020	284	14	9	28	2670	581530.40818	10656521.56000
2020	284	14	9	30	2672	581526.38364	10656518.92727
2020	284	14	9	32	2674	581522.28273	10656516.43909
2020	284	14	9	34	2677	581518.17636	10656513.97455
2020	284	14	9	36	2679	581514.10909	10656511.38818
2020	284	14	9	38	2682	581510.00273	10656508.80455
2020	284	14	9	40	2684	581505.79909	10656506.48273
2020	284	14	9	42	2686	581501.69182	10656504.09091
2020	284	14	9	44	2689	581497.56000	10656501.65182
2020	284	14	9	46	2691	581493.34364	10656499.35636
2020	284	14	9	48	2694	581489.13273	10656497.16364
2020	284	14	9	50	2696	581485.00182	10656494.93182
2020	284	14	9	52	2698	581480.86091	10656492.65818
2020	284	14	9	54	2701	581476.64182	10656490.45091
2020	284	14	9	56	2703	581472.46182	10656488.22273
2020	284	14	9	58	2705	581468.32182	10656486.00091
2020	284	14	10	0	2708	581464.14273	10656483.62545
2020	284	14	10	2	2710	581460.04364	10656481.11000
2020	284	14	10	4	2713	581455.88818	10656478.70364
2020	284	14	10	6	2715	581451.87455	10656476.10545
2020	284	14	10	8	2717	581447.99091	10656473.31455
2020	284	14	10	10	2720	581444.07364	10656470.54000
2020	284	14	10	12	2722	581440.14182	10656467.75182
2020	284	14	10	14	2725	581436.33000	10656464.83091
2020	284	14	10	16	2727	581432.60091	10656461.83273
2020	284	14	10	18	2729	581428.86182	10656458.79273
2020	284	14	10	20	2732	581425.18909	10656455.75636
2020	284	14	10	22	2734	581421.53545	10656452.63000
2020	284	14	10	24	2737	581417.83455	10656449.50909
2020	284	14	10	26	2739	581414.14182	10656446.44636
2020	284	14	10	28	2741	581410.39545	10656443.44364
2020	284	14	10	30	2744	581406.55000	10656440.43273
2020	284	14	10	32	2746	581402.71636	10656437.41727
2020	284	14	10	34	2749	581398.86909	10656434.55727
2020	284	14	10	36	2751	581395.03091	10656431.67545
2020	284	14	10	38	2754	581391.19000	10656428.68727
2020	284	14	10	40	2756	581387.29818	10656425.82909
2020	284	14	10	42	2758	581383.41182	10656423.03364
2020	284	14	10	44	2761	581379.48182	10656420.26636
2020	284	14	10	46	2763	581375.52909	10656417.49909
2020	284	14	10	48	2766	581371.55545	10656414.82636
2020	284	14	10	50	2768	581367.55727	10656412.31000
2020	284	14	10	52	2770	581363.54273	10656409.77909
2020	284	14	10	54	2773	581359.48091	10656407.24273
2020	284	14	10	56	2775	581355.49364	10656404.67909
2020	284	14	10	58	2777	581351.51364	10656402.18636
2020	284	14	11	0	2780	581347.49636	10656399.67273
2020	284	14	11	2	2782	581343.58909	10656396.97000
2020	284	14	11	4	2785	581339.71000	10656394.31364
2020	284	14	11	6	2787	581335.76364	10656391.78455
2020	284	14	11	8	2789	581331.79273	10656389.12909
2020	284	14	11	10	2792	581328.00909	10656386.32818
2020	284	14	11	12	2794	581324.13545	10656383.75000
2020	284	14	11	14	2796	581320.22273	10656381.19091
2020	284	14	11	16	2799	581316.38727	10656378.39636
2020	284	14	11	18	2801	581312.60727	10656375.66818
2020	284	14	11	20	2803	581308.74545	10656373.05182
2020	284	14	11	22	2806	581304.87727	10656370.27455
2020	284	14	11	24	2808	581301.08364	10656367.34091
2020	284	14	11	26	2810	581297.29182	10656364.57364
2020	284	14	11	28	2813	581293.45000	10656361.94273
2020	284	14	11	30	2815	581289.64000	10656359.13727
2020	284	14	11	32	2817	581285.84000	10656356.37091
2020	284	14	11	34	2820	581281.92636	10656353.77909
2020	284	14	11	36	2822	581278.00818	10656351.17182
2020	284	14	11	38	2825	581274.21545	10656348.28091
2020	284	14	11	40	2827	581270.30818	10656345.51364
2020	284	14	11	42	2829	581266.30455	10656342.97455
2020	284	14	11	44	2832	581262.40000	10656340.25273
2020	284	14	11	46	2834	581258.52091	10656337.46636
2020	284	14	11	48	2836	581254.50545	10656334.91273
2020	284	14	11	50	2839	581250.49000	10656332.41455
2020	284	14	11	52	2841	581246.57455	10656329.68727
2020	284	14	11	54	2844	581242.56909	10656327.02455
2020	284	14	11	56	2846	581238.46455	10656324.63545
2020	284	14	11	58	2848	581234.39818	10656322.26091
2020	284	14	12	0	2851	581230.33364	10656319.84545
2020	284	14	12	2	2853	581226.14727	10656317.55545
2020	284	14	12	4	2855	581221.97636	10656315.36545
2020	284	14	12	6	2858	581217.82000	10656313.12364
2020	284	14	12	8	2860	581213.65818	10656311.00818
2020	284	14	12	10	2863	581209.47636	10656308.83909
2020	284	14	12	12	2865	581205.30727	10656306.66818
2020	284	14	12	14	2867	581201.09455	10656304.53636
2020	284	14	12	16	2870	581196.88182	10656302.47273
2020	284	14	12	18	2872	581192.75636	10656300.21000
2020	284	14	12	20	2874	581188.56909	10656297.96727
2020	284	14	12	22	2877	581184.34727	10656295.79818
2020	284	14	12	24	2879	581180.19455	10656293.50909
2020	284	14	12	26	2881	581176.13727	10656291.03909
2020	284	14	12	28	2884	581171.99545	10656288.69364
2020	284	14	12	30	2886	581167.87000	10656286.30818
2020	284	14	12	32	2889	581163.85909	10656283.83091
2020	284	14	12	34	2891	581159.88455	10656281.32000
2020	284	14	12	36	2893	581155.80000	10656278.87455
2020	284	14	12	38	2896	581151.74273	10656276.35273
2020	284	14	12	40	2898	581147.75727	10656273.79455
2020	284	14	12	42	2900	581143.74273	10656271.27182
2020	284	14	12	44	2903	581139.68909	10656268.77091
2020	284	14	12	46	2905	581135.66455	10656266.39000
2020	284	14	12	48	2907	581131.55000	10656264.05636
2020	284	14	12	50	2910	581127.43545	10656261.69909
2020	284	14	12	52	2912	581123.33182	10656259.39000
2020	284	14	12	54	2915	581119.24091	10656256.97818
2020	284	14	12	56	2917	581115.19909	10656254.49000
2020	284	14	12	58	2919	581111.20000	10656251.85909
2020	284	14	13	0	2922	581107.28000	10656249.20818
2020	284	14	13	2	2924	581103.31273	10656246.60545
2020	284	14	13	4	2926	581099.39000	10656243.97364
2020	284	14	13	6	2929	581095.44182	10656241.29818
2020	284	14	13	8	2931	581091.49455	10656238.65545
2020	284	14	13	10	2934	581087.48273	10656236.12091
2020	284	14	13	12	2936	581083.59545	10656233.37818
2020	284	14	13	14	2938	581079.77909	10656230.51727
2020	284	14	13	16	2941	581075.79545	10656227.92273
2020	284	14	13	18	2943	581071.88091	10656225.24000
2020	284	14	13	20	2945	581068.07182	10656222.38273
2020	284	14	13	22	2948	581064.19909	10656219.60182
2020	284	14	13	24	2950	581060.16000	10656217.11727
2020	284	14	13	26	2953	581056.26727	10656214.44455
2020	284	14	13	28	2955	581052.41091	10656211.67727
2020	284	14	13	30	2957	581048.36909	10656209.15182
2020	284	14	13	32	2960	581044.46091	10656206.52545
2020	284	14	13	34	2962	581040.63455	10656203.72364
2020	284	14	13	36	2964	581036.65818	10656201.08000
2020	284	14	13	38	2967	581032.71364	10656198.55455
2020	284	14	13	40	2969	581028.83182	10656195.85909
2020	284	14	13	42	2972	581024.89818	10656193.19364
2020	284	14	13	44	2974	581020.87909	10656190.69000
2020	284	14	13	46	2976	581016.89273	10656188.14545
2020	284	14	13	48	2979	581012.89909	10656185.51364
2020	284	14	13	50	2981	581008.92364	10656182.95545
2020	284	14	13	52	2983	581004.92000	10656180.46909
2020	284	14	13	54	2986	581000.92182	10656177.96000
2020	284	14	13	56	2988	580996.91727	10656175.46364
2020	284	14	13	58	2990	580993.08091	10656172.83727
2020	284	14	14	0	2993	580989.14636	10656170.26545
2020	284	14	14	2	2995	580985.21455	10656167.74273
2020	284	14	14	4	2997	580981.32273	10656165.08364
2020	284	14	14	6	3000	580977.51818	10656162.32818
2020	284	14	14	8	3002	580973.53727	10656159.79909
2020	284	14	14	10	3005	580969.58545	10656157.26273
2020	284	14	14	12	3007	580965.70727	10656154.64455
2020	284	14	14	14	3009	580961.76000	10656152.06727
2020	284	14	14	16	3012	580957.78909	10656149.56182
2020	284	14	14	18	3014	580953.83636	10656147.01000
2020	284	14	14	20	3016	580949.98273	10656144.27000
2020	284	14	14	22	3019	580946.08364	10656141.61818
2020	284	14	14	24	3021	580942.19182	10656138.84273
2020	284	14	14	26	3023	580938.36091	10656136.13818
2020	284	14	14	28	3026	580934.56000	10656133.38545
2020	284	14	14	30	3028	580930.72091	10656130.70182
2020	284	14	14	32	3030	580926.85909	10656128.00364
2020	284	14	14	34	3033	580923.09364	10656125.29091
2020	284	14	14	36	3035	580919.26818	10656122.62364
2020	284	14	14	38	3037	580915.42909	10656119.89545
2020	284	14	14	40	3040	580911.62909	10656117.11182
2020	284	14	14	42	3042	580907.83545	10656114.38364
2020	284	14	14	44	3044	580904.01455	10656111.71273
2020	284	14	14	46	3047	580900.17818	10656108.96182
2020	284	14	14	48	3049	580896.42182	10656106.20364
2020	284	14	14	50	3052	580892.61636	10656103.46182
2020	284	14	14	52	3054	580888.81182	10656100.69545
2020	284	14	14	54	3056	580885.05273	10656097.89182
2020	284	14	14	56	3059	580881.31182	10656095.01091
2020	284	14	14	58	3061	580877.47909	10656092.28818
2020	284	14	15	0	3063	580873.56909	10656089.71273
2020	284	14	15	2	3066	580869.64636	10656087.09909
2020	284	14	15	4	3068	580865.69727	10656084.53818
2020	284	14	15	6	3070	580861.67091	10656082.04545
2020	284	14	15	8	3073	580857.61455	10656079.59273
2020	284	14	15	10	3075	580853.65091	10656077.06636
2020	284	14	15	12	3077	580849.69091	10656074.60818
2020	284	14	15	14	3080	580845.67818	10656072.11364
2020	284	14	15	16	3082	580841.62818	10656069.72000
2020	284	14	15	18	3084	580837.59182	10656067.35273
2020	284	14	15	20	3087	580833.55182	10656064.90091
2020	284	14	15	22	3089	580829.46364	10656062.46545
2020	284	14	15	24	3092	580825.35909	10656060.06545
2020	284	14	15	26	3094	580821.35545	10656057.64818
2020	284	14	15	28	3096	580817.31818	10656055.28727
2020	284	14	15	30	3099	580813.24364	10656052.93636
2020	284	14	15	32	3101	580809.25000	10656050.64636
2020	284	14	15	34	3103	580805.17636	10656048.41000
2020	284	14	15	36	3106	580801.09818	10656046.18182
2020	284	14	15	38	3108	580797.06545	10656043.80545
2020	284	14	15	40	3110	580793.09364	10656041.39091
2020	284	14	15	42	3113	580789.09182	10656039.07000
2020	284	14	15	44	3115	580785.19455	10656036.66727
2020	284	14	15	46	3117	580781.31000	10656034.19455
2020	284	14	15	48	3119	580777.38273	10656031.79364
2020	284	14	15	50	3122	580773.43182	10656029.39727
2020	284	14	15	52	3124	580769.55273	10656026.96091
2020	284	14	15	54	3126	580765.62091	10656024.52909
2020	284	14	15	56	3129	580761.74000	10656022.06727
2020	284	14	15	58	3131	580757.81000	10656019.56909
2020	284	14	16	0	3133	580753.96909	10656017.02000
2020	284	14	16	2	3136	580750.12818	10656014.40818
2020	284	14	16	4	3138	580746.23182	10656011.76273
2020	284	14	16	6	3140	580742.31000	10656009.19364
2020	284	14	16	8	3143	580738.42091	10656006.64000
2020	284	14	16	10	3145	580734.56364	10656003.98727
2020	284	14	16	12	3147	580730.65909	10656001.47091
2020	284	14	16	14	3150	580726.67000	10655998.99000
2020	284	14	16	16	3152	580722.77182	10655996.47364
2020	284	14	16	18	3154	580718.86182	10655993.93727
2020	284	14	16	20	3157	580714.87727	10655991.50545
2020	284	14	16	22	3159	580710.82000	10655989.20091
2020	284	14	16	24	3161	580706.89000	10655986.82364
2020	284	14	16	26	3164	580702.95636	10655984.41545
2020	284	14	16	28	3166	580698.86455	10655982.05818
2020	284	14	16	30	3168	580694.91818	10655979.64818
2020	284	14	16	32	3171	580691.08182	10655977.07727
2020	284	14	16	34	3173	580687.16455	10655974.48636
2020	284	14	16	36	3175	580683.18455	10655971.88636
2020	284	14	16	38	3178	580679.38545	10655969.21182
2020	284	14	16	40	3180	580675.60364	10655966.47182
2020	284	14	16	42	3182	580671.70636	10655963.73455
2020	284	14	16	44	3185	580667.84909	10655961.03273
2020	284	14	16	46	3187	580664.15091	10655958.16000
2020	284	14	16	48	3189	580660.39091	10655955.32727
2020	284	14	16	50	3192	580656.56364	10655952.51000
2020	284	14	16	52	3194	580652.84636	10655949.69182
2020	284	14	16	54	3196	580649.13818	10655946.91273
2020	284	14	16	56	3199	580645.28364	10655944.20364
2020	284	14	16	58	3201	580641.50545	10655941.42545
2020	284	14	17	0	3203	580637.74364	10655938.79364
2020	284	14	17	2	3206	580633.93273	10655936.18636
2020	284	14	17	4	3208	580630.06000	10655933.50182
2020	284	14	17	6	3210	580626.24636	10655930.87727
2020	284	14	17	8	3213	580622.42818	10655928.41545
2020	284	14	17	10	3215	580618.56455	10655925.83273
2020	284	14	17	12	3217	580614.74818	10655923.15000
2020	284	14	17	14	3220	580610.91273	10655920.51727
2020	284	14	17	16	3222	580607.16182	10655917.90727
2020	284	14	17	18	3224	580603.35636	10655915.19909
2020	284	14	17	20	3227	580599.52000	10655912.47818
2020	284	14	17	22	3229	580595.64000	10655909.92455
2020	284	14	17	24	3231	580591.82273	10655907.24000
2020	284	14	17	26	3234	580587.93818	10655904.63000
2020	284	14	17	28	3236	580583.99182	10655902.04182
2020	284	14	17	30	3238	580580.11818	10655899.41273
2020	284	14	17	32	3241	580576.25545	10655896.76909
2020	284	14	17	34	3243	580572.25091	10655894.42909
2020	284	14	17	36	3245	580568.38000	10655891.88636
2020	284	14	17	38	3248	580564.54091	10655889.18091
2020	284	14	17	40	3250	580560.62273	10655886.62636
2020	284	14	17	42	3252	580556.63909	10655884.22909
2020	284	14	17	44	3255	580552.85182	10655881.41182
2020	284	14	17	46	3257	580548.97909	10655878.73273
2020	284	14	17	48	3259	580544.93091	10655876.38727
2020	284	14	17	50	3262	580540.98727	10655873.92364
2020	284	14	17	52	3264	580537.10364	10655871.30545
2020	284	14	17	54	3266	580533.08091	10655868.93182
2020	284	14	17	56	3269	580529.02182	10655866.58455
2020	284	14	17	58	3271	580525.06273	10655864.06000
2020	284	14	18	0	3273	580521.14273	10655861.44818
2020	284	14	18	2	3276	580517.08909	10655859.07636
2020	284	14	18	4	3278	580513.05455	10655856.62273
2020	284	14	18	6	3280	580509.03273	10655854.15273
2020	284	14	18	8	3283	580505.03909	10655851.77273
2020	284	14	18	10	3285	580500.93636	10655849.50818
2020	284	14	18	12	3287	580496.88727	10655847.08818
2020	284	14	18	14	3290	580492.81455	10655844.72364
2020	284	14	18	16	3292	580488.73455	10655842.54909
2020	284	14	18	18	3294	580484.61000	10655840.23545
2020	284	14	18	20	3297	580480.55727	10655837.87909
2020	284	14	18	22	3299	580476.48273	10655835.65727
2020	284	14	18	24	3301	580472.42364	10655833.40909
2020	284	14	18	26	3304	580468.42636	10655830.99727
2020	284	14	18	28	3306	580464.46545	10655828.53636
2020	284	14	18	30	3308	580460.45273	10655826.21364
2020	284	14	18	32	3311	580456.45273	10655823.76182
2020	284	14	18	34	3313	580452.48455	10655821.22909
2020	284	14	18	36	3316	580448.44091	10655818.77364
2020	284	14	18	38	3318	580444.44545	10655816.18091
2020	284	14	18	40	3320	580440.51727	10655813.54000
2020	284	14	18	42	3323	580436.53364	10655810.96636
2020	284	14	18	44	3325	580432.53182	10655808.43000
2020	284	14	18	46	3327	580428.61636	10655805.71818
2020	284	14	18	48	3330	580424.62273	10655803.16000
2020	284	14	18	50	3332	580420.53091	10655800.75909
2020	284	14	18	52	3335	580416.50455	10655798.21455
2020	284	14	18	54	3337	580412.43818	10655795.74091
2020	284	14	18	56	3339	580408.27818	10655793.51091
2020	284	14	18	58	3342	580404.10909	10655791.30727
2020	284	14	19	0	3344	580399.94455	10655789.05273
2020	284	14	19	2	3346	580395.72273	10655786.94182
2020	284	14	19	4	3349	580391.52273	10655784.91818
2020	284	14	19	6	3351	580387.35545	10655782.67818
2020	284	14	19	8	3353	580383.19636	10655780.46182
2020	284	14	19	10	3356	580379.08091	10655778.22273
2020	284	14	19	12	3358	580375.03273	10655775.91273
2020	284	14	19	14	3360	580370.97455	10655773.51545
2020	284	14	19	16	3363	580366.87727	10655771.16818
2020	284	14	19	18	3365	580362.84273	10655768.85818
2020	284	14	19	20	3367	580358.87273	10655766.37182
2020	284	14	19	22	3370	580354.87364	10655763.85182
2020	284	14	19	24	3372	580350.88000	10655761.31364
2020	284	14	19	26	3375	580346.91455	10655758.78182
2020	284	14	19	28	3377	580343.14909	10655755.89818
2020	284	14	19	30	3379	580339.27455	10655753.14455
2020	284	14	19	32	3382	580335.50818	10655750.38455
2020	284	14	19	34	3384	580331.72545	10655747.50091
2020	284	14	19	36	3386	580328.01455	10655744.53727
2020	284	14	19	38	3389	580324.18273	10655741.84818
2020	284	14	19	40	3391	580320.29636	10655739.05727
2020	284	14	19	42	3394	580316.42455	10655736.14636
2020	284	14	19	44	3396	580312.59364	10655733.41000
2020	284	14	19	46	3398	580308.71091	10655730.69818
2020	284	14	19	48	3401	580304.82000	10655727.79364
2020	284	14	19	50	3403	580301.07182	10655724.88364
2020	284	14	19	52	3405	580297.26364	10655722.16636
2020	284	14	19	54	3408	580293.40545	10655719.37364
2020	284	14	19	56	3410	580289.57636	10655716.43545
2020	284	14	19	58	3413	580285.73091	10655713.63455
2020	284	14	20	0	3415	580281.85364	10655710.88000
2020	284	14	20	2	3417	580277.91455	10655708.18818
2020	284	14	20	4	3420	580273.98818	10655705.48091
2020	284	14	20	6	3422	580269.98909	10655702.85455
2020	284	14	20	8	3424	580265.98909	10655700.23545
2020	284	14	20	10	3427	580261.96818	10655697.63000
2020	284	14	20	12	3429	580257.96000	10655695.00545
2020	284	14	20	14	3432	580254.06818	10655692.29182
2020	284	14	20	16	3434	580250.11273	10655689.61364
2020	284	14	20	18	3436	580246.15818	10655687.03273
2020	284	14	20	20	3439	580242.22091	10655684.36364
2020	284	14	20	22	3441	580238.33455	10655681.69545
2020	284	14	20	24	3444	580234.40545	10655679.04818
2020	284	14	20	26	3446	580230.44182	10655676.48818
2020	284	14	20	28	3448	580226.46545	10655673.76545
2020	284	14	20	30	3451	580222.59636	10655671.07636
2020	284	14	20	32	3453	580218.62364	10655668.46455
2020	284	14	20	34	3455	580214.59455	10655665.85091
2020	284	14	20	36	3458	580210.58909	10655663.23182
2020	284	14	20	38	3460	580206.68545	10655660.52636
2020	284	14	20	40	3463	580202.74727	10655657.82091
2020	284	14	20	42	3465	580198.79182	10655655.09636
2020	284	14	20	44	3467	580194.94455	10655652.27909
2020	284	14	20	46	3470	580191.09000	10655649.41182
2020	284	14	20	48	3472	580187.18818	10655646.54455
2020	284	14	20	50	3475	580183.21182	10655643.89364
2020	284	14	20	52	3477	580179.22273	10655641.25909
2020	284	14	20	54	3479	580175.26182	10655638.56455
2020	284	14	20	56	3482	580171.15727	10655636.13091
2020	284	14	20	58	3484	580167.08091	10655633.74455
2020	284	14	21	0	3486	580163.07182	10655631.17364
2020	284	14	21	2	3489	580159.05455	10655628.63455
2020	284	14	21	4	3491	580154.96455	10655626.19727
2020	284	14	21	6	3494	580150.98182	10655623.60909
2020	284	14	21	8	3496	580147.03091	10655620.99091
2020	284	14	21	10	3498	580142.94909	10655618.46636
2020	284	14	21	12	3501	580138.94818	10655615.88727
2020	284	14	21	14	3503	580134.94818	10655613.28455
2020	284	14	21	16	3506	580130.96273	10655610.72091
2020	284	14	21	18	3508	580126.88909	10655608.14182
2020	284	14	21	20	3510	580122.80273	10655605.58636
2020	284	14	21	22	3513	580118.76909	10655603.01273
2020	284	14	21	24	3515	580114.81636	10655600.27182
2020	284	14	21	26	3518	580110.81273	10655597.58727
2020	284	14	21	28	3520	580106.71545	10655594.98182
2020	284	14	21	30	3522	580102.78909	10655592.22636
2020	284	14	21	32	3525	580098.82545	10655589.49636
2020	284	14	21	34	3527	580094.68636	10655586.89545
2020	284	14	21	36	3530	580090.57273	10655584.29909
2020	284	14	21	38	3532	580086.44273	10655581.75636
2020	284	14	21	40	3535	580082.30455	10655579.23545
2020	284	14	21	42	3537	580078.14636	10655576.72636
2020	284	14	21	44	3539	580074.04909	10655574.17545
2020	284	14	21	46	3542	580069.94818	10655571.66909
2020	284	14	21	48	3544	580065.83182	10655569.15455
2020	284	14	21	50	3547	580061.87909	10655566.44273
2020	284	14	21	52	3549	580057.76364	10655563.83182
2020	284	14	21	54	3551	580053.64182	10655561.28091
2020	284	14	21	56	3554	580049.57455	10655558.72909
2020	284	14	21	58	3556	580045.49364	10655556.20000
2020	284	14	22	0	3559	580041.37818	10655553.60273
2020	284	14	22	2	3561	580037.30091	10655551.01545
2020	284	14	22	4	3563	580033.26818	10655548.52909
2020	284	14	22	6	3566	580029.26636	10655545.89000
2020	284	14	22	8	3568	580025.25273	10655543.18727
2020	284	14	22	10	3571	580021.23727	10655540.49455
2020	284	14	22	12	3573	580017.22636	10655537.88455
2020	284	14	22	14	3575	580013.26273	10655535.16909
2020	284	14	22	16	3578	580009.30273	10655532.41091
2020	284	14	22	18	3580	580005.32455	10655529.74727
2020	284	14	22	20	3583	580001.33000	10655527.08455
2020	284	14	22	22	3585	579997.41545	10655524.41182
2020	284	14	22	24	3587	579993.35182	10655521.88273
2020	284	14	22	26	3590	579989.34273	10655519.24000
2020	284	14	22	28	3592	579985.28091	10655516.70727
2020	284	14	22	30	3595	579981.17636	10655514.19818
2020	284	14	22	32	3597	579977.04636	10655511.70364
2020	284	14	22	34	3599	579973.02364	10655509.10545
2020	284	14	22	36	3602	579968.96545	10655506.53091
2020	284	14	22	38	3604	579964.84909	10655504.09091
2020	284	14	22	40	3607	579960.78727	10655501.55818
2020	284	14	22	42	3609	579956.80273	10655498.90182
2020	284	14	22	44	3611	579952.71818	10655496.36727
2020	284	14	22	46	3614	579948.61091	10655493.94182
2020	284	14	22	48	3616	579944.61818	10655491.27909
2020	284	14	22	50	3619	579940.59091	10655488.66545
2020	284	14	22	52	3621	579936.57091	10655486.10727
2020	284	14	22	54	3623	579932.52091	10655483.59636
2020	284	14	22	56	3626	579928.48727	10655481.07091
2020	284	14	22	58	3628	579924.44364	10655478.53182
2020	284	14	23	0	3631	579920.33455	10655476.22091
2020	284	14	23	2	3633	579916.20364	10655473.86091
2020	284	14	23	4	3635	579912.08636	10655471.46455
2020	284	14	23	6	3638	579908.02364	10655468.98000
2020	284	14	23	8	3640	579903.92909	10655466.51000
2020	284	14	23	10	3642	579899.86182	10655464.02273
2020	284	14	23	12	3645	579895.87727	10655461.34182
2020	284	14	23	14	3647	579891.86182	10655458.74000
2020	284	14	23	16	3650	579887.83909	10655456.16818
2020	284	14	23	18	3652	579883.87091	10655453.51818
2020	284	14	23	20	3654	579879.95455	10655450.88273
2020	284	14	23	22	3657	579875.91000	10655448.29818
2020	284	14	23	24	3659	579871.93818	10655445.68909
2020	284	14	23	26	3662	579868.03545	10655442.94909
2020	284	14	23	28	3664	579864.07091	10655440.31364
2020	284	14	23	30	3666	579860.08182	10655437.69636
2020	284	14	23	32	3669	579856.09000	10655434.97909
2020	284	14	23	34	3671	579852.18818	10655432.24727
2020	284	14	23	36	3673	579848.18364	10655429.69273
2020	284	14	23	38	3676	579844.14182	10655427.12455
2020	284	14	23	40	3678	579840.10818	10655424.45818
2020	284	14	23	42	3681	579836.13818	10655421.90545
2020	284	14	23	44	3683	579832.05818	10655419.46545
2020	284	14	23	46	3685	579827.97364	10655416.90455
2020	284	14	23	48	3688	579823.96909	10655414.28818
2020	284	14	23	50	3690	579819.94455	10655411.75455
2020	284	14	23	52	3693	579815.96727	10655409.14545
2020	284	14	23	54	3695	579811.90000	10655406.59636
2020	284	14	23	56	3697	579807.91636	10655403.94636
2020	284	14	23	58	3700	579803.95273	10655401.37273
2020	284	14	24	0	3702	579799.92727	10655398.88182
2020	284	14	24	2	3704	579795.91455	10655396.32273
2020	284	14	24	4	3707	579791.95273	10655393.65909
2020	284	14	24	6	3709	579787.90818	10655391.12273
2020	284	14	24	8	3712	579783.91818	10655388.47727
2020	284	14	24	10	3714	579779.96091	10655385.77818
2020	284	14	24	12	3716	579775.98182	10655383.09909
2020	284	14	24	14	3719	579771.94636	10655380.54455
2020	284	14	24	16	3721	579767.99545	10655377.90818
2020	284	14	24	18	3724	579763.96727	10655375.31455
2020	284	14	24	20	3726	579759.88909	10655372.88182
2020	284	14	24	22	3728	579755.80818	10655370.43000
2020	284	14	24	24	3731	579751.78273	10655367.83727
2020	284	14	24	26	3733	579747.71000	10655365.31182
2020	284	14	24	28	3736	579743.63636	10655362.79636
2020	284	14	24	30	3738	579739.62545	10655360.16909
2020	284	14	24	32	3740	579735.65364	10655357.49636
2020	284	14	24	34	3743	579731.59364	10655354.94455
2020	284	14	24	36	3745	579727.55727	10655352.35727
2020	284	14	24	38	3747	579723.59909	10655349.69000
2020	284	14	24	40	3750	579719.53091	10655347.22273
2020	284	14	24	42	3752	579715.43182	10655344.81000
2020	284	14	24	44	3755	579711.41000	10655342.30818
2020	284	14	24	46	3757	579707.36636	10655339.75909
2020	284	14	24	48	3759	579703.26636	10655337.32909
2020	284	14	24	50	3762	579699.25818	10655334.78364
2020	284	14	24	52	3764	579695.21636	10655332.30636
2020	284	14	24	54	3767	579691.12727	10655329.83182
2020	284	14	24	56	3769	579687.03545	10655327.35545
2020	284	14	24	58	3771	579683.01182	10655324.88000
2020	284	14	25	0	3774	579678.98545	10655322.33273
2020	284	14	25	2	3776	579674.89818	10655319.76000
2020	284	14	25	4	3779	579670.95727	10655316.90545
2020	284	14	25	6	3781	579667.01818	10655314.15636
2020	284	14	25	8	3783	579662.98273	10655311.45182
2020	284	14	25	10	3786	579658.92182	10655308.80909
2020	284	14	25	12	3788	579654.92182	10655306.05455
2020	284	14	25	14	3791	579650.90545	10655303.39273
2020	284	14	25	16	3793	579646.76273	10655300.93636
2020	284	14	25	18	3795	579642.67545	10655298.36273
2020	284	14	25	20	3798	579638.66909	10655295.74091
2020	284	14	25	22	3800	579634.57455	10655293.19364
2020	284	14	25	24	3803	579630.34545	10655290.83909
2020	284	14	25	26	3805	579626.29182	10655288.21909
2020	284	14	25	28	3807	579622.21545	10655285.66636
2020	284	14	25	30	3810	579618.06182	10655283.17727
2020	284	14	25	32	3812	579614.01545	10655280.57364
2020	284	14	25	34	3815	579609.94273	10655277.91909
2020	284	14	25	36	3817	579605.82909	10655275.39545
2020	284	14	25	38	3820	579601.69455	10655272.94727
2020	284	14	25	40	3822	579597.60091	10655270.36000
2020	284	14	25	42	3824	579593.42545	10655267.88364
2020	284	14	25	44	3827	579589.25364	10655265.47818
2020	284	14	25	46	3829	579585.21636	10655262.91091
2020	284	14	25	48	3832	579581.05727	10655260.35909
2020	284	14	25	50	3834	579576.90909	10655257.83182
2020	284	14	25	52	3836	579572.91636	10655255.11182
2020	284	14	25	54	3839	579568.84091	10655252.54364
2020	284	14	25	56	3841	579564.78455	10655249.93636
2020	284	14	25	58	3844	579560.76273	10655247.23273
2020	284	14	26	0	3846	579556.79000	10655244.53364
2020	284	14	26	2	3849	579552.68909	10655242.01455
2020	284	14	26	4	3851	579548.64455	10655239.35727
2020	284	14	26	6	3853	579544.67909	10655236.58273
2020	284	14	26	8	3856	579540.56909	10655234.02455
2020	284	14	26	10	3858	579536.50818	10655231.44727
2020	284	14	26	12	3861	579532.54091	10655228.69091
2020	284	14	26	14	3863	579528.52909	10655225.97818
2020	284	14	26	16	3865	579524.42727	10655223.33182
2020	284	14	26	18	3868	579520.36727	10655220.64909
2020	284	14	26	20	3870	579516.46182	10655217.77545
2020	284	14	26	22	3873	579512.40091	10655215.10182
2020	284	14	26	24	3875	579508.32818	10655212.44000
2020	284	14	26	26	3878	579504.30909	10655209.68545
2020	284	14	26	28	3880	579500.34545	10655206.86000
2020	284	14	26	30	3882	579496.31000	10655204.15455
2020	284	14	26	32	3885	579492.19909	10655201.53182
2020	284	14	26	34	3887	579488.17364	10655198.77818
2020	284	14	26	36	3890	579484.16000	10655196.04727
2020	284	14	26	38	3892	579480.08364	10655193.50091
2020	284	14	26	40	3895	579475.97091	10655190.99818
2020	284	14	26	42	3897	579471.86727	10655188.44545
2020	284	14	26	44	3899	579467.77545	10655185.88273
2020	284	14	26	46	3902	579463.60636	10655183.40273
2020	284	14	26	48	3904	579459.47545	10655180.89455
2020	284	14	26	50	3907	579455.41636	10655178.23455
2020	284	14	26	52	3909	579451.30091	10655175.66000
2020	284	14	26	54	3912	579447.15091	10655173.11818
2020	284	14	26	56	3914	579443.12091	10655170.39364
2020	284	14	26	58	3916	579439.04091	10655167.73818
2020	284	14	27	0	3919	579434.92091	10655165.13364
2020	284	14	27	2	3921	579430.90273	10655162.35364
2020	284	14	27	4	3924	579426.85909	10655159.59727
2020	284	14	27	6	3926	579422.77455	10655156.84455
2020	284	14	27	8	3929	579418.76000	10655154.12091
2020	284	14	27	10	3931	579414.73091	10655151.31000
2020	284	14	27	12	3934	579410.59909	10655148.70091
2020	284	14	27	14	3936	579406.45909	10655146.05455
2020	284	14	27	16	3938	579402.36636	10655143.42091
2020	284	14	27	18	3941	579398.23636	10655140.78091
2020	284	14	27	20	3943	579394.03364	10655138.24455
2020	284	14	27	22	3946	579389.88636	10655135.68000
2020	284	14	27	24	3948	579385.77909	10655133.00727
2020	284	14	27	26	3951	579381.64000	10655130.41000
2020	284	14	27	28	3953	579377.42727	10655127.89000
2020	284	14	27	30	3956	579373.26182	10655125.36909
2020	284	14	27	32	3958	579369.20000	10655122.87636
2020	284	14	27	34	3960	579365.03091	10655120.33909
2020	284	14	27	36	3963	579360.84364	10655117.80909
2020	284	14	27	38	3965	579356.76909	10655115.17545
2020	284	14	27	40	3968	579352.66000	10655112.61818
2020	284	14	27	42	3970	579348.50727	10655109.88636
2020	284	14	27	44	3973	579344.40091	10655107.25000
2020	284	14	27	46	3975	579340.28182	10655104.75091
2020	284	14	27	48	3977	579336.23091	10655102.13909
2020	284	14	27	50	3980	579332.19727	10655099.49000
2020	284	14	27	52	3982	579328.17182	10655096.81545
2020	284	14	27	54	3985	579324.17364	10655094.19545
2020	284	14	27	56	3987	579320.32545	10655091.36364
2020	284	14	27	58	3989	579316.49455	10655088.47636
2020	284	14	28	0	3992	579312.56364	10655085.69818
2020	284	14	28	2	3994	579308.80455	10655082.74000
2020	284	14	28	4	3997	579305.09818	10655079.70636
2020	284	14	28	6	3999	579301.30000	10655076.77545
2020	284	14	28	8	4001	579297.45636	10655073.88818
2020	284	14	28	10	4004	579293.64545	10655070.96909
2020	284	14	28	12	4006	579289.80636	10655068.09182
2020	284	14	28	14	4009	579285.90455	10655065.34727
2020	284	14	28	16	4011	579282.04000	10655062.57455
2020	284	14	28	18	4013	579278.21909	10655059.70364
2020	284	14	28	20	4016	579274.24273	10655057.02273
2020	284	14	28	22	4018	579270.38273	10655054.13273
2020	284	14	28	24	4021	579266.55364	10655051.14091
2020	284	14	28	26	4023	579262.64364	10655048.22000
2020	284	14	28	28	4026	579258.63000	10655045.36636
2020	284	14	28	30	4028	579254.78545	10655042.45182
2020	284	14	28	32	4030	579250.94727	10655039.43455
2020	284	14	28	34	4033	579246.96545	10655036.65091
2020	284	14	28	36	4035	579242.97273	10655033.92000
2020	284	14	28	38	4038	579239.11091	10655031.00727
2020	284	14	28	40	4040	579235.17000	10655028.14000
2020	284	14	28	42	4043	579231.16273	10655025.38182
2020	284	14	28	44	4045	579227.12455	10655022.76364
2020	284	14	28	46	4047	579223.20909	10655020.04000
2020	284	14	28	48	4050	579219.18273	10655017.52727
2020	284	14	28	50	4052	579215.08727	10655015.10636
2020	284	14	28	52	4054	579211.01273	10655012.77182
2020	284	14	28	54	4057	579207.01545	10655010.37182
2020	284	14	28	56	4059	579202.94909	10655007.99727
2020	284	14	28	58	4061	579198.80636	10655005.69182
2020	284	14	29	0	4064	579194.74364	10655003.38636
2020	284	14	29	2	4066	579190.74455	10655000.93000
2020	284	14	29	4	4069	579186.64273	10654998.46818
2020	284	14	29	6	4071	579182.56182	10654995.97000
2020	284	14	29	8	4073	579178.57727	10654993.45818
2020	284	14	29	10	4076	579174.68818	10654990.72455
2020	284	14	29	12	4078	579170.67727	10654987.99000
2020	284	14	29	14	4080	579166.68909	10654985.33545
2020	284	14	29	16	4083	579162.80545	10654982.63909
2020	284	14	29	18	4085	579158.91818	10654979.85818
2020	284	14	29	20	4088	579154.95636	10654977.10091
2020	284	14	29	22	4090	579150.94091	10654974.52727
2020	284	14	29	24	4092	579147.10091	10654971.87545
2020	284	14	29	26	4095	579143.28364	10654969.10364
2020	284	14	29	28	4097	579139.41818	10654966.38364
2020	284	14	29	30	4099	579135.53727	10654963.78364
2020	284	14	29	32	4102	579131.73182	10654961.14091
2020	284	14	29	34	4104	579127.99364	10654958.30455
2020	284	14	29	36	4106	579124.10818	10654955.65000
2020	284	14	29	38	4109	579120.26636	10654953.00364
2020	284	14	29	40	4111	579116.40727	10654950.40000
2020	284	14	29	42	4113	579112.59818	10654947.69909
2020	284	14	29	44	4116	579108.68727	10654945.07636
2020	284	14	29	46	4118	579104.83000	10654942.46182
2020	284	14	29	48	4120	579100.98545	10654939.76818
2020	284	14	29	50	4123	579097.25091	10654936.91000
2020	284	14	29	52	4125	579093.55455	10654933.94091
2020	284	14	29	54	4128	579089.80455	10654931.05909
2020	284	14	29	56	4130	579086.06273	10654928.18000
2020	284	14	29	58	4132	579082.33364	10654925.29364
2020	284	14	30	0	4135	579078.51091	10654922.57727
2020	284	14	30	2	4137	579074.56091	10654920.03364
2020	284	14	30	4	4139	579070.63545	10654917.54182
2020	284	14	30	6	4142	579066.64182	10654915.13000
2020	284	14	30	8	4144	579062.67455	10654912.67182
2020	284	14	30	10	4146	579058.66091	10654910.27455
2020	284	14	30	12	4149	579054.64364	10654907.94273
2020	284	14	30	14	4151	579050.61818	10654905.48545
2020	284	14	30	16	4153	579046.60818	10654903.03636
2020	284	14	30	18	4156	579042.57364	10654900.58273
2020	284	14	30	20	4158	579038.60455	10654898.13909
2020	284	14	30	22	4160	579034.57455	10654895.72636
2020	284	14	30	24	4163	579030.51727	10654893.33727
2020	284	14	30	26	4165	579026.45455	10654891.03364
2020	284	14	30	28	4167	579022.41000	10654888.68727
2020	284	14	30	30	4170	579018.24364	10654886.56091
2020	284	14	30	32	4172	579014.01818	10654884.54091
2020	284	14	30	34	4174	579009.85455	10654882.34182
2020	284	14	30	36	4177	579005.67182	10654880.28000
2020	284	14	30	38	4179	579001.46182	10654878.24636
2020	284	14	30	40	4181	578997.34727	10654876.21000
2020	284	14	30	42	4184	578993.22727	10654873.98091
2020	284	14	30	44	4186	578989.16909	10654871.74545
2020	284	14	30	46	4188	578985.09636	10654869.58273
2020	284	14	30	48	4191	578981.09545	10654867.23273
2020	284	14	30	50	4193	578977.04000	10654864.72182
2020	284	14	30	52	4195	578973.09909	10654862.26727
2020	284	14	30	54	4198	578969.16818	10654859.72455
2020	284	14	30	56	4200	578965.19727	10654857.15000
2020	284	14	30	58	4202	578961.26091	10654854.54818
2020	284	14	31	0	4205	578957.35091	10654851.96727
2020	284	14	31	2	4207	578953.45182	10654849.30636
2020	284	14	31	4	4210	578949.54636	10654846.66000
2020	284	14	31	6	4212	578945.65545	10654843.99909
2020	284	14	31	8	4214	578941.78818	10654841.29455
2020	284	14	31	10	4217	578937.89364	10654838.64818
2020	284	14	31	12	4219	578933.97909	10654835.99364
2020	284	14	31	14	4221	578930.01091	10654833.46727
2020	284	14	31	16	4224	578926.04727	10654830.93182
2020	284	14	31	18	4226	578922.09455	10654828.32364
2020	284	14	31	20	4228	578918.05545	10654825.86727
2020	284	14	31	22	4231	578914.12545	10654823.37545
2020	284	14	31	24	4233	578910.11000	10654820.92909
2020	284	14	31	26	4235	578906.09455	10654818.46818
2020	284	14	31	28	4238	578902.06636	10654816.12818
2020	284	14	31	30	4240	578898.04545	10654813.94455
2020	284	14	31	32	4242	578893.88909	10654811.71818
2020	284	14	31	34	4245	578889.76182	10654809.53727
2020	284	14	31	36	4247	578885.74000	10654807.22364
2020	284	14	31	38	4249	578881.61727	10654804.99091
2020	284	14	31	40	4252	578877.45000	10654802.65909
2020	284	14	31	42	4254	578873.44818	10654800.21091
2020	284	14	31	44	4256	578869.46182	10654797.74000
2020	284	14	31	46	4259	578865.44455	10654795.27727
2020	284	14	31	48	4261	578861.43455	10654792.86091
2020	284	14	31	50	4264	578857.47455	10654790.25000
2020	284	14	31	52	4266	578853.53091	10654787.66818
2020	284	14	31	54	4268	578849.55818	10654785.11273
2020	284	14	31	56	4271	578845.61636	10654782.50909
2020	284	14	31	58	4273	578841.61636	10654779.90909
2020	284	14	32	0	4275	578837.65273	10654777.47091
2020	284	14	32	2	4278	578833.66455	10654775.01091
2020	284	14	32	4	4280	578829.71818	10654772.46818
2020	284	14	32	6	4282	578825.73636	10654769.97909
2020	284	14	32	8	4285	578821.75455	10654767.40000
2020	284	14	32	10	4287	578817.88000	10654764.78000
2020	284	14	32	12	4289	578814.02364	10654762.07545
2020	284	14	32	14	4292	578810.13636	10654759.38818
2020	284	14	32	16	4294	578806.24727	10654756.70000
2020	284	14	32	18	4297	578802.35455	10654754.04636
2020	284	14	32	20	4299	578798.45818	10654751.38909
2020	284	14	32	22	4301	578794.46818	10654748.75091
2020	284	14	32	24	4304	578790.49909	10654746.14091
2020	284	14	32	26	4306	578786.50182	10654743.55545
2020	284	14	32	28	4308	578782.60818	10654740.99364
2020	284	14	32	30	4311	578778.61727	10654738.47455
2020	284	14	32	32	4313	578774.62000	10654735.89455
2020	284	14	32	34	4315	578770.63273	10654733.30727
2020	284	14	32	36	4318	578766.59364	10654730.79727
2020	284	14	32	38	4320	578762.45364	10654728.33636
2020	284	14	32	40	4323	578758.38364	10654725.94364
2020	284	14	32	42	4325	578754.28455	10654723.46273
2020	284	14	32	44	4327	578750.22909	10654721.09182
2020	284	14	32	46	4330	578746.23000	10654718.73545
2020	284	14	32	48	4332	578742.16909	10654716.27818
2020	284	14	32	50	4334	578738.10091	10654713.78545
2020	284	14	32	52	4337	578734.06091	10654711.33909
2020	284	14	32	54	4339	578730.00636	10654708.90818
2020	284	14	32	56	4342	578725.84182	10654706.35818
2020	284	14	32	58	4344	578721.81182	10654703.86545
2020	284	14	33	0	4346	578717.76222	10654701.42889
