YEAR	DAY	HOUR	MINUTE	SECOND	CDP	SOU_X	SOU_Y
2020	285	17	43	42	43	634890.60182	10671383.30364
2020	285	17	43	44	45	634894.59636	10671385.79091
2020	285	17	43	46	47	634898.65091	10671388.30091
2020	285	17	43	48	50	634902.80091	10671390.75000
2020	285	17	43	50	52	634906.90273	10671393.19727
2020	285	17	43	52	55	634911.00000	10671395.63636
2020	285	17	43	54	57	634915.04818	10671398.16545
2020	285	17	43	56	59	634918.98909	10671400.58545
2020	285	17	43	58	62	634922.90545	10671403.02545
2020	285	17	44	0	64	634926.72909	10671405.57909
2020	285	17	44	2	66	634930.66818	10671407.99636
2020	285	17	44	4	69	634934.43818	10671410.53455
2020	285	17	44	6	71	634938.23455	10671413.01182
2020	285	17	44	8	73	634942.12727	10671415.49364
2020	285	17	44	10	75	634945.93545	10671418.04091
2020	285	17	44	12	78	634949.78545	10671420.53727
2020	285	17	44	14	80	634953.65455	10671423.06273
2020	285	17	44	16	82	634957.51273	10671425.63818
2020	285	17	44	18	85	634961.34727	10671428.16273
2020	285	17	44	20	87	634965.17091	10671430.74909
2020	285	17	44	22	89	634968.93364	10671433.26091
2020	285	17	44	24	91	634972.62455	10671435.80909
2020	285	17	44	26	94	634976.39455	10671438.26636
2020	285	17	44	28	96	634980.22273	10671440.73909
2020	285	17	44	30	98	634983.99636	10671443.23182
2020	285	17	44	32	101	634987.86727	10671445.65545
2020	285	17	44	34	103	634991.84545	10671448.16091
2020	285	17	44	36	105	634995.85273	10671450.67909
2020	285	17	44	38	108	634999.83091	10671453.14727
2020	285	17	44	40	110	635003.88727	10671455.72818
2020	285	17	44	42	112	635007.88818	10671458.24818
2020	285	17	44	44	115	635011.92182	10671460.78091
2020	285	17	44	46	117	635015.91000	10671463.26455
2020	285	17	44	48	119	635019.92364	10671465.78909
2020	285	17	44	50	122	635023.86364	10671468.28091
2020	285	17	44	52	124	635027.78818	10671470.79727
2020	285	17	44	54	127	635031.84727	10671473.33273
2020	285	17	44	56	129	635035.82636	10671475.89091
2020	285	17	44	58	131	635039.81909	10671478.47818
2020	285	17	45	0	134	635043.90091	10671481.13273
2020	285	17	45	2	136	635048.07091	10671483.72909
2020	285	17	45	4	139	635052.17364	10671486.30545
2020	285	17	45	6	141	635056.18818	10671488.88091
2020	285	17	45	8	143	635060.37364	10671491.47091
2020	285	17	45	10	146	635064.56364	10671494.11545
2020	285	17	45	12	148	635068.65545	10671496.73545
2020	285	17	45	14	151	635072.72636	10671499.32273
2020	285	17	45	16	153	635076.84545	10671501.95000
2020	285	17	45	18	156	635080.88182	10671504.65909
2020	285	17	45	20	158	635084.88909	10671507.20182
2020	285	17	45	22	160	635088.93455	10671509.84273
2020	285	17	45	24	163	635092.97455	10671512.47545
2020	285	17	45	26	165	635097.08182	10671515.11545
2020	285	17	45	28	168	635101.28364	10671517.74909
2020	285	17	45	30	170	635105.42545	10671520.48364
2020	285	17	45	32	173	635109.53909	10671523.25273
2020	285	17	45	34	175	635113.72000	10671525.93091
2020	285	17	45	36	178	635117.87273	10671528.77364
2020	285	17	45	38	180	635121.96636	10671531.63727
2020	285	17	45	40	183	635126.16727	10671534.49000
2020	285	17	45	42	185	635130.38273	10671537.22636
2020	285	17	45	44	188	635134.57455	10671540.05455
2020	285	17	45	46	190	635138.71091	10671542.91273
2020	285	17	45	48	193	635142.89273	10671545.70091
2020	285	17	45	50	195	635146.99455	10671548.53545
2020	285	17	45	52	198	635151.07727	10671551.38727
2020	285	17	45	54	200	635155.28273	10671554.29000
2020	285	17	45	56	203	635159.44000	10671557.16455
2020	285	17	45	58	205	635163.63909	10671560.13273
2020	285	17	46	0	208	635167.90545	10671563.07727
2020	285	17	46	2	211	635172.05182	10671566.05091
2020	285	17	46	4	213	635176.23727	10671569.01727
2020	285	17	46	6	216	635180.38182	10671572.10364
2020	285	17	46	8	218	635184.42909	10671575.06636
2020	285	17	46	10	221	635188.52091	10671577.96091
2020	285	17	46	12	223	635192.66455	10671580.93000
2020	285	17	46	14	226	635196.69727	10671583.94091
2020	285	17	46	16	228	635200.76273	10671586.86091
2020	285	17	46	18	231	635204.90545	10671589.75545
2020	285	17	46	20	233	635208.96636	10671592.73818
2020	285	17	46	22	236	635213.03273	10671595.64818
2020	285	17	46	24	238	635217.12636	10671598.51273
2020	285	17	46	26	241	635221.19000	10671601.46273
2020	285	17	46	28	243	635225.27000	10671604.43545
2020	285	17	46	30	246	635229.37818	10671607.30091
2020	285	17	46	32	248	635233.46000	10671610.21636
2020	285	17	46	34	251	635237.48727	10671613.20455
2020	285	17	46	36	253	635241.61818	10671616.02545
2020	285	17	46	38	256	635245.78636	10671618.87182
2020	285	17	46	40	258	635249.86273	10671621.82455
2020	285	17	46	42	261	635254.04273	10671624.65545
2020	285	17	46	44	263	635258.24091	10671627.43182
2020	285	17	46	46	266	635262.28727	10671630.23091
2020	285	17	46	48	268	635266.36000	10671633.08273
2020	285	17	46	50	271	635270.44000	10671635.89364
2020	285	17	46	52	273	635274.48182	10671638.76636
2020	285	17	46	54	276	635278.48636	10671641.63455
2020	285	17	46	56	278	635282.62727	10671644.50636
2020	285	17	46	58	281	635286.79273	10671647.33364
2020	285	17	47	0	283	635290.94273	10671650.16455
2020	285	17	47	2	286	635295.15455	10671652.84818
2020	285	17	47	4	288	635299.33273	10671655.58273
2020	285	17	47	6	291	635303.53000	10671658.37000
2020	285	17	47	8	293	635307.69455	10671661.16545
2020	285	17	47	10	296	635311.91545	10671663.92455
2020	285	17	47	12	298	635316.11818	10671666.73182
2020	285	17	47	14	301	635320.27727	10671669.59455
2020	285	17	47	16	304	635324.46818	10671672.39182
2020	285	17	47	18	306	635328.79182	10671675.14182
2020	285	17	47	20	309	635333.02091	10671677.94364
2020	285	17	47	22	311	635337.22818	10671680.74727
2020	285	17	47	24	314	635341.48545	10671683.48091
2020	285	17	47	26	316	635345.80818	10671686.18545
2020	285	17	47	28	319	635350.01455	10671688.99818
2020	285	17	47	30	321	635354.25636	10671691.75455
2020	285	17	47	32	324	635358.54818	10671694.48000
2020	285	17	47	34	326	635362.80636	10671697.35091
2020	285	17	47	36	329	635367.00091	10671700.15091
2020	285	17	47	38	331	635371.20455	10671703.03091
2020	285	17	47	40	334	635375.40455	10671705.83727
2020	285	17	47	42	337	635379.52909	10671708.76091
2020	285	17	47	44	339	635383.67727	10671711.64273
2020	285	17	47	46	342	635387.97636	10671714.47364
2020	285	17	47	48	344	635392.20545	10671717.38636
2020	285	17	47	50	347	635396.43455	10671720.22818
2020	285	17	47	52	349	635400.72455	10671723.12364
2020	285	17	47	54	352	635405.04818	10671725.98545
2020	285	17	47	56	354	635409.27818	10671728.87364
2020	285	17	47	58	357	635413.39909	10671731.79000
2020	285	17	48	0	360	635417.67000	10671734.66091
2020	285	17	48	2	362	635421.92909	10671737.59091
2020	285	17	48	4	365	635426.07091	10671740.45364
2020	285	17	48	6	367	635430.34000	10671743.37182
2020	285	17	48	8	370	635434.56818	10671746.28545
2020	285	17	48	10	372	635438.85273	10671749.17091
2020	285	17	48	12	375	635443.09909	10671751.99818
2020	285	17	48	14	378	635447.41727	10671754.90000
2020	285	17	48	16	380	635451.76091	10671757.73636
2020	285	17	48	18	383	635456.10909	10671760.51091
2020	285	17	48	20	385	635460.43000	10671763.22636
2020	285	17	48	22	388	635464.70818	10671766.05364
2020	285	17	48	24	390	635469.06273	10671768.82545
2020	285	17	48	26	393	635473.35273	10671771.61818
2020	285	17	48	28	396	635477.61727	10671774.36273
2020	285	17	48	30	398	635481.90909	10671777.14091
2020	285	17	48	32	401	635486.20273	10671779.97909
2020	285	17	48	34	403	635490.49091	10671782.76182
2020	285	17	48	36	406	635494.80545	10671785.44000
2020	285	17	48	38	408	635499.20909	10671788.12818
2020	285	17	48	40	411	635503.42545	10671790.79182
2020	285	17	48	42	413	635507.82182	10671793.46091
2020	285	17	48	44	416	635512.19091	10671796.13818
2020	285	17	48	46	418	635516.45182	10671798.91818
2020	285	17	48	48	421	635520.70818	10671801.65727
2020	285	17	48	50	424	635524.99545	10671804.49545
2020	285	17	48	52	426	635529.36545	10671807.27273
2020	285	17	48	54	429	635533.61545	10671810.03545
2020	285	17	48	56	431	635537.91727	10671812.70818
2020	285	17	48	58	434	635542.23091	10671815.35182
2020	285	17	49	0	436	635546.46000	10671818.10273
2020	285	17	49	2	439	635550.67000	10671820.86091
2020	285	17	49	4	441	635554.84727	10671823.62727
2020	285	17	49	6	444	635559.03091	10671826.44364
2020	285	17	49	8	446	635563.23455	10671829.28727
2020	285	17	49	10	449	635567.59364	10671832.11636
2020	285	17	49	12	452	635571.92364	10671834.83364
2020	285	17	49	14	454	635576.19636	10671837.59364
2020	285	17	49	16	457	635580.63909	10671840.33000
2020	285	17	49	18	459	635585.05364	10671843.10273
2020	285	17	49	20	462	635589.38273	10671845.91364
2020	285	17	49	22	464	635593.75000	10671848.65091
2020	285	17	49	24	467	635598.10727	10671851.41545
2020	285	17	49	26	470	635602.40545	10671854.30909
2020	285	17	49	28	472	635606.61818	10671857.08636
2020	285	17	49	30	475	635610.91091	10671859.82818
2020	285	17	49	32	477	635615.08909	10671862.69364
2020	285	17	49	34	480	635619.33727	10671865.49091
2020	285	17	49	36	482	635623.56455	10671868.23818
2020	285	17	49	38	485	635627.86818	10671871.03273
2020	285	17	49	40	487	635632.15182	10671873.76636
2020	285	17	49	42	490	635636.46182	10671876.49091
2020	285	17	49	44	492	635640.75273	10671879.18091
2020	285	17	49	46	495	635645.05273	10671881.87364
2020	285	17	49	48	498	635649.33364	10671884.55818
2020	285	17	49	50	500	635653.61636	10671887.20636
2020	285	17	49	52	503	635657.91273	10671889.88455
2020	285	17	49	54	505	635662.21455	10671892.58909
2020	285	17	49	56	508	635666.54545	10671895.31364
2020	285	17	49	58	510	635670.79636	10671898.09818
2020	285	17	50	0	513	635675.13091	10671900.83818
2020	285	17	50	2	515	635679.40273	10671903.55818
2020	285	17	50	4	518	635683.63182	10671906.32818
2020	285	17	50	6	520	635687.95818	10671909.03455
2020	285	17	50	8	523	635692.28636	10671911.69000
2020	285	17	50	10	525	635696.52818	10671914.31909
2020	285	17	50	12	528	635700.74455	10671916.99727
2020	285	17	50	14	530	635705.07545	10671919.67727
2020	285	17	50	16	533	635709.30818	10671922.35636
2020	285	17	50	18	536	635713.52727	10671925.08364
2020	285	17	50	20	538	635717.80182	10671927.85273
2020	285	17	50	22	541	635722.17909	10671930.68091
2020	285	17	50	24	543	635726.53636	10671933.48636
2020	285	17	50	26	546	635730.87636	10671936.32091
2020	285	17	50	28	548	635735.21455	10671939.18727
2020	285	17	50	30	551	635739.54182	10671942.00364
2020	285	17	50	32	554	635743.92455	10671944.77364
2020	285	17	50	34	556	635748.19909	10671947.58091
2020	285	17	50	36	559	635752.59636	10671950.36182
2020	285	17	50	38	561	635757.00818	10671952.97909
2020	285	17	50	40	564	635761.41000	10671955.72091
2020	285	17	50	42	567	635765.84000	10671958.38182
2020	285	17	50	44	569	635770.23273	10671961.01545
2020	285	17	50	46	572	635774.70364	10671963.61091
2020	285	17	50	48	574	635779.16182	10671966.29909
2020	285	17	50	50	577	635783.58182	10671968.91727
2020	285	17	50	52	579	635787.97273	10671971.54636
2020	285	17	50	54	582	635792.38273	10671974.20636
2020	285	17	50	56	584	635796.71000	10671976.76545
2020	285	17	50	58	587	635801.03636	10671979.31273
2020	285	17	51	0	590	635805.31636	10671981.92000
2020	285	17	51	2	592	635809.57364	10671984.54273
2020	285	17	51	4	595	635813.91636	10671987.15818
2020	285	17	51	6	597	635818.15273	10671989.89273
2020	285	17	51	8	600	635822.51818	10671992.70909
2020	285	17	51	10	602	635826.88818	10671995.55364
2020	285	17	51	12	605	635831.29818	10671998.32091
2020	285	17	51	14	607	635835.64091	10672001.19273
2020	285	17	51	16	610	635839.92182	10672004.08545
2020	285	17	51	18	613	635844.14818	10672007.08182
2020	285	17	51	20	615	635848.31455	10672010.06273
2020	285	17	51	22	618	635852.42636	10672013.18455
2020	285	17	51	24	620	635856.48364	10672016.31273
2020	285	17	51	26	623	635860.58818	10672019.38909
2020	285	17	51	28	625	635864.67909	10672022.45818
2020	285	17	51	30	628	635868.87182	10672025.47182
2020	285	17	51	32	631	635873.07455	10672028.45273
2020	285	17	51	34	633	635877.23909	10672031.41091
2020	285	17	51	36	636	635881.52818	10672034.28636
2020	285	17	51	38	638	635885.81182	10672037.18818
2020	285	17	51	40	641	635890.01364	10672040.03364
2020	285	17	51	42	643	635894.16727	10672042.81909
2020	285	17	51	44	646	635898.48909	10672045.62000
2020	285	17	51	46	649	635902.74182	10672048.55545
2020	285	17	51	48	651	635906.92909	10672051.43273
2020	285	17	51	50	654	635911.21182	10672054.32182
2020	285	17	51	52	656	635915.59091	10672057.20273
2020	285	17	51	54	659	635919.89727	10672060.14000
2020	285	17	51	56	661	635924.13455	10672063.04364
2020	285	17	51	58	664	635928.49182	10672065.85909
2020	285	17	52	0	667	635932.74636	10672068.76909
2020	285	17	52	2	669	635936.96182	10672071.71818
2020	285	17	52	4	672	635941.14455	10672074.69000
2020	285	17	52	6	674	635945.39727	10672077.59636
2020	285	17	52	8	677	635949.52727	10672080.64455
2020	285	17	52	10	679	635953.64000	10672083.59273
2020	285	17	52	12	682	635957.80545	10672086.59364
2020	285	17	52	14	685	635961.95182	10672089.52636
2020	285	17	52	16	687	635966.15909	10672092.51818
2020	285	17	52	18	690	635970.35818	10672095.48455
2020	285	17	52	20	692	635974.55818	10672098.40455
2020	285	17	52	22	695	635978.76909	10672101.36636
2020	285	17	52	24	697	635982.99364	10672104.24091
2020	285	17	52	26	700	635987.20545	10672107.24182
2020	285	17	52	28	703	635991.53727	10672110.19636
2020	285	17	52	30	705	635995.83273	10672113.20364
2020	285	17	52	32	708	636000.15636	10672116.21000
2020	285	17	52	34	710	636004.50545	10672119.17727
2020	285	17	52	36	713	636008.75273	10672122.19273
2020	285	17	52	38	716	636013.01182	10672125.05455
2020	285	17	52	40	718	636017.28273	10672128.01000
2020	285	17	52	42	721	636021.55000	10672131.00182
2020	285	17	52	44	723	636025.64091	10672133.94909
2020	285	17	52	46	726	636029.74545	10672136.91000
2020	285	17	52	48	728	636033.84364	10672139.95091
2020	285	17	52	50	731	636037.80636	10672143.08273
2020	285	17	52	52	734	636041.89909	10672146.03000
2020	285	17	52	54	736	636045.98636	10672149.06455
2020	285	17	52	56	739	636050.12545	10672152.15455
2020	285	17	52	58	741	636054.31091	10672155.17818
2020	285	17	53	0	744	636058.55273	10672158.18000
2020	285	17	53	2	746	636062.77545	10672161.21182
2020	285	17	53	4	749	636066.89000	10672164.30545
2020	285	17	53	6	752	636071.14364	10672167.34091
2020	285	17	53	8	754	636075.38636	10672170.26636
2020	285	17	53	10	757	636079.61545	10672173.24818
2020	285	17	53	12	759	636083.87545	10672176.24727
2020	285	17	53	14	762	636088.17909	10672179.05818
2020	285	17	53	16	765	636092.46273	10672181.84636
2020	285	17	53	18	767	636096.75727	10672184.80273
2020	285	17	53	20	770	636101.02182	10672187.69727
2020	285	17	53	22	772	636105.24091	10672190.50182
2020	285	17	53	24	775	636109.40545	10672193.41455
2020	285	17	53	26	777	636113.58909	10672196.31455
2020	285	17	53	28	780	636117.85091	10672199.09545
2020	285	17	53	30	782	636122.05000	10672202.00545
2020	285	17	53	32	785	636126.26182	10672204.84455
2020	285	17	53	34	788	636130.57727	10672207.81182
2020	285	17	53	36	790	636134.90727	10672210.78000
2020	285	17	53	38	793	636139.26000	10672213.79364
2020	285	17	53	40	795	636143.51000	10672216.80909
2020	285	17	53	42	798	636147.73636	10672219.80091
2020	285	17	53	44	801	636151.98091	10672222.81000
2020	285	17	53	46	803	636156.30273	10672225.78818
2020	285	17	53	48	806	636160.43455	10672228.80545
2020	285	17	53	50	808	636164.63273	10672231.78273
2020	285	17	53	52	811	636168.93364	10672234.71636
2020	285	17	53	54	814	636173.22545	10672237.71000
2020	285	17	53	56	816	636177.46455	10672240.68091
2020	285	17	53	58	819	636181.77636	10672243.60000
2020	285	17	54	0	821	636186.07091	10672246.50182
2020	285	17	54	2	824	636190.30545	10672249.39273
2020	285	17	54	4	827	636194.56909	10672252.24364
2020	285	17	54	6	829	636198.88636	10672255.09273
2020	285	17	54	8	832	636203.13636	10672257.83909
2020	285	17	54	10	834	636207.41636	10672260.61455
2020	285	17	54	12	837	636211.85364	10672263.36545
2020	285	17	54	14	839	636216.36000	10672266.19818
2020	285	17	54	16	842	636220.81091	10672268.90636
2020	285	17	54	18	845	636225.36727	10672271.64364
2020	285	17	54	20	847	636229.92636	10672274.42909
2020	285	17	54	22	850	636234.40455	10672277.10727
2020	285	17	54	24	853	636238.93909	10672279.74273
2020	285	17	54	26	855	636243.39636	10672282.45273
2020	285	17	54	28	858	636247.84091	10672285.16727
2020	285	17	54	30	860	636252.28818	10672287.88455
2020	285	17	54	32	863	636256.71636	10672290.59273
2020	285	17	54	34	866	636261.12545	10672293.38182
2020	285	17	54	36	868	636265.48364	10672296.16273
2020	285	17	54	38	871	636269.84818	10672298.92455
2020	285	17	54	40	873	636274.18545	10672301.67909
2020	285	17	54	42	876	636278.47909	10672304.43455
2020	285	17	54	44	879	636282.78727	10672307.29000
2020	285	17	54	46	881	636287.12818	10672310.11273
2020	285	17	54	48	884	636291.41545	10672312.91273
2020	285	17	54	50	886	636295.64091	10672315.64818
2020	285	17	54	52	889	636300.01455	10672318.47364
2020	285	17	54	54	891	636304.41000	10672321.33182
2020	285	17	54	56	894	636308.80727	10672324.05182
2020	285	17	54	58	897	636313.21727	10672326.81636
2020	285	17	55	0	899	636317.67364	10672329.64636
2020	285	17	55	2	902	636322.14545	10672332.42091
2020	285	17	55	4	904	636326.57545	10672335.05727
2020	285	17	55	6	907	636330.97273	10672337.78273
2020	285	17	55	8	910	636335.36636	10672340.53091
2020	285	17	55	10	912	636339.73273	10672343.24909
2020	285	17	55	12	915	636344.02364	10672345.95545
2020	285	17	55	14	917	636348.32545	10672348.77091
2020	285	17	55	16	920	636352.56091	10672351.59545
2020	285	17	55	18	922	636356.78545	10672354.33818
2020	285	17	55	20	925	636361.04455	10672357.20455
2020	285	17	55	22	928	636365.38636	10672360.05818
2020	285	17	55	24	930	636369.70091	10672362.88091
2020	285	17	55	26	933	636374.07727	10672365.70000
2020	285	17	55	28	935	636378.40727	10672368.50636
2020	285	17	55	30	938	636382.73818	10672371.37000
2020	285	17	55	32	940	636387.12909	10672374.11727
2020	285	17	55	34	943	636391.50818	10672376.96273
2020	285	17	55	36	946	636395.85545	10672379.83273
2020	285	17	55	38	948	636400.24455	10672382.71545
2020	285	17	55	40	951	636404.62818	10672385.54727
2020	285	17	55	42	954	636409.00455	10672388.45545
2020	285	17	55	44	956	636413.29727	10672391.35545
2020	285	17	55	46	959	636417.65818	10672394.16455
2020	285	17	55	48	961	636422.03727	10672396.96000
2020	285	17	55	50	964	636426.39727	10672399.79182
2020	285	17	55	52	967	636430.79909	10672402.57909
2020	285	17	55	54	969	636435.25727	10672405.32364
2020	285	17	55	56	972	636439.72545	10672407.97000
2020	285	17	55	58	974	636444.18000	10672410.66909
2020	285	17	56	0	977	636448.53000	10672413.32545
2020	285	17	56	2	980	636452.98182	10672416.05818
2020	285	17	56	4	982	636457.29909	10672418.77909
2020	285	17	56	6	985	636461.58727	10672421.58818
2020	285	17	56	8	987	636465.96091	10672424.43364
2020	285	17	56	10	990	636470.34364	10672427.25818
2020	285	17	56	12	992	636474.75636	10672430.09455
2020	285	17	56	14	995	636479.11636	10672432.92182
2020	285	17	56	16	998	636483.56636	10672435.58909
2020	285	17	56	18	1000	636487.97818	10672438.36455
2020	285	17	56	20	1003	636492.40182	10672441.17091
2020	285	17	56	22	1006	636496.87364	10672443.90818
2020	285	17	56	24	1008	636501.30545	10672446.59909
2020	285	17	56	26	1011	636505.76000	10672449.38182
2020	285	17	56	28	1013	636510.14182	10672452.21818
2020	285	17	56	30	1016	636514.59000	10672454.89636
2020	285	17	56	32	1019	636518.96182	10672457.58182
2020	285	17	56	34	1021	636523.31091	10672460.31727
2020	285	17	56	36	1024	636527.75636	10672463.04000
2020	285	17	56	38	1026	636532.10364	10672465.73273
2020	285	17	56	40	1029	636536.52818	10672468.31455
2020	285	17	56	42	1031	636540.98455	10672470.95727
2020	285	17	56	44	1034	636545.51273	10672473.57455
2020	285	17	56	46	1037	636550.03636	10672476.17000
2020	285	17	56	48	1039	636554.62182	10672478.74727
2020	285	17	56	50	1042	636559.13455	10672481.47000
2020	285	17	56	52	1044	636563.61364	10672484.14545
2020	285	17	56	54	1047	636568.12000	10672486.84091
2020	285	17	56	56	1050	636572.53364	10672489.55636
2020	285	17	56	58	1052	636576.94818	10672492.26273
2020	285	17	57	0	1055	636581.40818	10672494.91727
2020	285	17	57	2	1057	636585.86182	10672497.64727
2020	285	17	57	4	1060	636590.34273	10672500.33818
2020	285	17	57	6	1063	636594.83545	10672503.06545
2020	285	17	57	8	1065	636599.25727	10672505.86273
2020	285	17	57	10	1068	636603.66273	10672508.63182
2020	285	17	57	12	1071	636607.99636	10672511.39364
2020	285	17	57	14	1073	636612.18636	10672514.21909
2020	285	17	57	16	1076	636616.43909	10672517.11273
2020	285	17	57	18	1078	636620.67091	10672520.00182
2020	285	17	57	20	1081	636624.81273	10672522.90182
2020	285	17	57	22	1083	636629.01636	10672525.80364
2020	285	17	57	24	1086	636633.36727	10672528.83545
2020	285	17	57	26	1089	636637.62545	10672531.82273
2020	285	17	57	28	1091	636641.88636	10672534.81455
2020	285	17	57	30	1094	636646.09727	10672537.75182
2020	285	17	57	32	1096	636650.33818	10672540.81273
2020	285	17	57	34	1099	636654.57636	10672543.85909
2020	285	17	57	36	1101	636658.78182	10672546.77636
2020	285	17	57	38	1104	636662.93909	10672549.68818
2020	285	17	57	40	1107	636667.21273	10672552.63091
2020	285	17	57	42	1109	636671.53091	10672555.57273
2020	285	17	57	44	1112	636675.80364	10672558.45636
2020	285	17	57	46	1114	636680.10818	10672561.33636
2020	285	17	57	48	1117	636684.40909	10672564.30273
2020	285	17	57	50	1120	636688.84182	10672567.17909
2020	285	17	57	52	1122	636693.22000	10672570.02000
2020	285	17	57	54	1125	636697.57455	10672572.87364
2020	285	17	57	56	1127	636701.95545	10672575.71909
2020	285	17	57	58	1130	636706.31364	10672578.45364
2020	285	17	58	0	1133	636710.60273	10672581.33364
2020	285	17	58	2	1135	636714.84909	10672584.24091
2020	285	17	58	4	1138	636719.19455	10672587.06636
2020	285	17	58	6	1140	636723.53000	10672590.06000
2020	285	17	58	8	1143	636727.82364	10672593.03091
2020	285	17	58	10	1146	636732.17545	10672595.99455
2020	285	17	58	12	1148	636736.54182	10672598.98000
2020	285	17	58	14	1151	636740.78273	10672602.06455
2020	285	17	58	16	1154	636745.10636	10672605.06000
2020	285	17	58	18	1156	636749.44000	10672608.00818
2020	285	17	58	20	1159	636753.71636	10672611.02364
2020	285	17	58	22	1161	636758.03727	10672614.04545
2020	285	17	58	24	1164	636762.34182	10672616.99909
2020	285	17	58	26	1167	636766.55818	10672619.98364
2020	285	17	58	28	1169	636770.84182	10672622.89909
2020	285	17	58	30	1172	636775.10818	10672625.87545
2020	285	17	58	32	1174	636779.25182	10672628.90455
2020	285	17	58	34	1177	636783.50000	10672631.85818
2020	285	17	58	36	1180	636787.68545	10672634.89455
2020	285	17	58	38	1182	636791.82909	10672638.02091
2020	285	17	58	40	1185	636795.87727	10672641.15364
2020	285	17	58	42	1187	636800.17545	10672644.30455
2020	285	17	58	44	1190	636804.28182	10672647.46273
2020	285	17	58	46	1193	636808.44091	10672650.62000
2020	285	17	58	48	1195	636812.65000	10672653.67000
2020	285	17	58	50	1198	636816.86182	10672656.77182
2020	285	17	58	52	1200	636821.05545	10672659.86818
2020	285	17	58	54	1203	636825.21818	10672662.88273
2020	285	17	58	56	1206	636829.43273	10672665.96727
2020	285	17	58	58	1208	636833.67182	10672669.10182
2020	285	17	59	0	1211	636837.88182	10672672.13909
2020	285	17	59	2	1213	636842.07182	10672675.15727
2020	285	17	59	4	1216	636846.31091	10672678.20727
2020	285	17	59	6	1219	636850.60818	10672681.20182
2020	285	17	59	8	1221	636854.92091	10672684.11091
2020	285	17	59	10	1224	636859.24364	10672687.02455
2020	285	17	59	12	1226	636863.51273	10672689.88727
2020	285	17	59	14	1229	636867.80091	10672692.82000
2020	285	17	59	16	1232	636872.02727	10672695.73636
2020	285	17	59	18	1234	636876.23636	10672698.69364
2020	285	17	59	20	1237	636880.51273	10672701.64545
2020	285	17	59	22	1239	636884.71909	10672704.59909
2020	285	17	59	24	1242	636888.95727	10672707.63273
2020	285	17	59	26	1245	636893.27364	10672710.59636
2020	285	17	59	28	1247	636897.47182	10672713.59727
2020	285	17	59	30	1250	636901.71909	10672716.49273
2020	285	17	59	32	1252	636905.86636	10672719.48909
2020	285	17	59	34	1255	636910.13091	10672722.42818
2020	285	17	59	36	1257	636914.37273	10672725.29273
2020	285	17	59	38	1260	636918.56909	10672728.17091
2020	285	17	59	40	1262	636922.78818	10672731.04364
2020	285	17	59	42	1265	636927.04273	10672733.97000
2020	285	17	59	44	1268	636931.22727	10672736.88545
2020	285	17	59	46	1270	636935.41273	10672739.79182
2020	285	17	59	48	1273	636939.60727	10672742.74182
2020	285	17	59	50	1275	636943.78909	10672745.63818
2020	285	17	59	52	1278	636947.92273	10672748.51364
2020	285	17	59	54	1280	636952.06000	10672751.41455
2020	285	17	59	56	1283	636956.26182	10672754.28727
2020	285	17	59	58	1285	636960.40182	10672757.03727
2020	285	18	0	0	1288	636964.61364	10672759.91818
2020	285	18	0	2	1290	636968.88364	10672762.85182
2020	285	18	0	4	1293	636973.17818	10672765.70818
2020	285	18	0	6	1296	636977.44727	10672768.46091
2020	285	18	0	8	1298	636981.62455	10672771.48455
2020	285	18	0	10	1301	636985.93273	10672774.37182
2020	285	18	0	12	1303	636990.17636	10672777.19000
2020	285	18	0	14	1306	636994.31091	10672780.07727
2020	285	18	0	16	1308	636998.44909	10672782.98818
2020	285	18	0	18	1311	637002.69455	10672785.84000
2020	285	18	0	20	1313	637006.79727	10672788.77545
2020	285	18	0	22	1316	637010.96000	10672791.67455
2020	285	18	0	24	1319	637015.11455	10672794.59455
2020	285	18	0	26	1321	637019.29818	10672797.50182
2020	285	18	0	28	1324	637023.39455	10672800.50364
2020	285	18	0	30	1326	637027.50000	10672803.42909
2020	285	18	0	32	1329	637031.61364	10672806.32091
2020	285	18	0	34	1331	637035.65727	10672809.18273
2020	285	18	0	36	1334	637039.84455	10672812.08818
2020	285	18	0	38	1336	637043.94545	10672814.92364
2020	285	18	0	40	1339	637048.22091	10672817.72545
2020	285	18	0	42	1341	637052.47727	10672820.53545
2020	285	18	0	44	1344	637056.71182	10672823.40455
2020	285	18	0	46	1346	637061.02273	10672826.16091
2020	285	18	0	48	1349	637065.27545	10672828.98455
2020	285	18	0	50	1352	637069.58364	10672831.73364
2020	285	18	0	52	1354	637073.88000	10672834.41364
2020	285	18	0	54	1357	637078.17727	10672837.13455
2020	285	18	0	56	1359	637082.45545	10672839.77909
2020	285	18	0	58	1362	637086.72364	10672842.44091
2020	285	18	1	0	1364	637091.01909	10672845.08727
2020	285	18	1	2	1367	637095.25818	10672847.81909
2020	285	18	1	4	1369	637099.44727	10672850.52727
2020	285	18	1	6	1372	637103.64091	10672853.31364
2020	285	18	1	8	1374	637107.84364	10672856.08455
2020	285	18	1	10	1377	637112.01364	10672858.93727
2020	285	18	1	12	1379	637116.15636	10672861.76273
2020	285	18	1	14	1382	637120.31455	10672864.56273
2020	285	18	1	16	1384	637124.48000	10672867.37091
2020	285	18	1	18	1387	637128.66364	10672870.23364
2020	285	18	1	20	1389	637132.85182	10672873.06091
2020	285	18	1	22	1392	637137.06636	10672875.83455
2020	285	18	1	24	1394	637141.26000	10672878.73636
2020	285	18	1	26	1397	637145.45636	10672881.66182
2020	285	18	1	28	1400	637149.70364	10672884.56909
2020	285	18	1	30	1402	637153.88091	10672887.40545
2020	285	18	1	32	1405	637158.01364	10672890.35000
2020	285	18	1	34	1407	637162.18364	10672893.27455
2020	285	18	1	36	1410	637166.36364	10672896.15909
2020	285	18	1	38	1412	637170.55545	10672898.95364
2020	285	18	1	40	1415	637174.67818	10672901.83909
2020	285	18	1	42	1417	637178.83182	10672904.63818
2020	285	18	1	44	1420	637183.18091	10672907.35636
2020	285	18	1	46	1422	637187.40818	10672910.13909
2020	285	18	1	48	1425	637191.64636	10672912.89455
2020	285	18	1	50	1427	637195.97273	10672915.58000
2020	285	18	1	52	1430	637200.34727	10672918.31000
2020	285	18	1	54	1432	637204.57091	10672921.11273
2020	285	18	1	56	1435	637208.79364	10672923.83727
2020	285	18	1	58	1438	637213.12636	10672926.55727
2020	285	18	2	0	1440	637217.32545	10672929.41636
2020	285	18	2	2	1443	637221.57818	10672932.14818
2020	285	18	2	4	1445	637225.91000	10672934.85818
2020	285	18	2	6	1448	637230.19000	10672937.62455
2020	285	18	2	8	1450	637234.49818	10672940.35636
2020	285	18	2	10	1453	637238.84364	10672943.02818
2020	285	18	2	12	1455	637243.22455	10672945.70364
2020	285	18	2	14	1458	637247.49818	10672948.48091
2020	285	18	2	16	1460	637251.88000	10672951.16909
2020	285	18	2	18	1463	637256.23364	10672953.88909
2020	285	18	2	20	1466	637260.54091	10672956.63091
2020	285	18	2	22	1468	637264.80273	10672959.39182
2020	285	18	2	24	1471	637269.08364	10672962.06818
2020	285	18	2	26	1473	637273.36000	10672964.70455
2020	285	18	2	28	1476	637277.59909	10672967.38364
2020	285	18	2	30	1478	637281.94818	10672970.09636
2020	285	18	2	32	1481	637286.31909	10672972.68364
2020	285	18	2	34	1483	637290.69727	10672975.39545
2020	285	18	2	36	1486	637295.14091	10672978.17182
2020	285	18	2	38	1489	637299.55000	10672980.95818
2020	285	18	2	40	1491	637303.87545	10672983.66273
2020	285	18	2	42	1494	637308.15000	10672986.40545
2020	285	18	2	44	1496	637312.39545	10672989.14909
2020	285	18	2	46	1499	637316.64727	10672991.87000
2020	285	18	2	48	1501	637320.89273	10672994.57091
2020	285	18	2	50	1504	637325.19909	10672997.20909
2020	285	18	2	52	1506	637329.48364	10672999.91000
2020	285	18	2	54	1509	637333.82818	10673002.54182
2020	285	18	2	56	1511	637338.18091	10673005.14909
2020	285	18	2	58	1514	637342.42727	10673007.86636
2020	285	18	3	0	1516	637346.69909	10673010.54455
2020	285	18	3	2	1519	637350.94364	10673013.19182
2020	285	18	3	4	1521	637355.15182	10673015.91091
2020	285	18	3	6	1524	637359.39545	10673018.66455
2020	285	18	3	8	1526	637363.56455	10673021.29000
2020	285	18	3	10	1529	637367.85818	10673023.89818
2020	285	18	3	12	1531	637372.18091	10673026.59000
2020	285	18	3	14	1534	637376.49455	10673029.20273
2020	285	18	3	16	1537	637380.82727	10673031.71364
2020	285	18	3	18	1539	637385.09545	10673034.32182
2020	285	18	3	20	1542	637389.37364	10673036.95636
2020	285	18	3	22	1544	637393.60727	10673039.56545
2020	285	18	3	24	1546	637397.88818	10673042.05182
2020	285	18	3	26	1549	637402.13636	10673044.69364
2020	285	18	3	28	1552	637406.46818	10673047.23909
2020	285	18	3	30	1554	637410.89182	10673049.77545
2020	285	18	3	32	1557	637415.32273	10673052.29091
2020	285	18	3	34	1559	637419.67364	10673054.83636
2020	285	18	3	36	1562	637424.07455	10673057.39909
2020	285	18	3	38	1564	637428.45909	10673059.95182
2020	285	18	3	40	1567	637432.75364	10673062.59273
2020	285	18	3	42	1569	637436.99182	10673065.20545
2020	285	18	3	44	1572	637441.22455	10673067.85455
2020	285	18	3	46	1574	637445.43000	10673070.58818
2020	285	18	3	48	1577	637449.59909	10673073.40000
2020	285	18	3	50	1579	637453.79909	10673076.16455
2020	285	18	3	52	1582	637457.95182	10673078.95545
2020	285	18	3	54	1584	637462.12182	10673081.89455
2020	285	18	3	56	1587	637466.33455	10673084.73727
2020	285	18	3	58	1589	637470.55727	10673087.56364
2020	285	18	4	0	1592	637474.71909	10673090.37364
2020	285	18	4	2	1594	637478.88000	10673093.22636
2020	285	18	4	4	1597	637483.05545	10673096.00545
2020	285	18	4	6	1599	637487.25182	10673098.78182
2020	285	18	4	8	1602	637491.40545	10673101.67545
2020	285	18	4	10	1604	637495.54364	10673104.50636
2020	285	18	4	12	1607	637499.73182	10673107.40182
2020	285	18	4	14	1610	637503.99000	10673110.36000
2020	285	18	4	16	1612	637508.18909	10673113.34091
2020	285	18	4	18	1615	637512.49364	10673116.27364
2020	285	18	4	20	1617	637516.76364	10673119.16091
2020	285	18	4	22	1620	637521.03182	10673122.10091
2020	285	18	4	24	1623	637525.23364	10673124.91818
2020	285	18	4	26	1625	637529.53818	10673127.64727
2020	285	18	4	28	1628	637533.73818	10673130.39636
2020	285	18	4	30	1630	637537.87818	10673133.18091
2020	285	18	4	32	1633	637542.16364	10673135.96455
2020	285	18	4	34	1635	637546.35727	10673138.71364
2020	285	18	4	36	1638	637550.43636	10673141.50182
2020	285	18	4	38	1640	637554.58455	10673144.33455
2020	285	18	4	40	1643	637558.72909	10673147.12091
2020	285	18	4	42	1645	637562.96091	10673149.94818
2020	285	18	4	44	1648	637567.14182	10673152.82545
2020	285	18	4	46	1650	637571.42727	10673155.63909
2020	285	18	4	48	1653	637575.69273	10673158.49818
2020	285	18	4	50	1655	637579.84909	10673161.34182
2020	285	18	4	52	1658	637584.03818	10673164.24000
2020	285	18	4	54	1660	637588.20909	10673167.08545
2020	285	18	4	56	1663	637592.32545	10673169.98364
2020	285	18	4	58	1665	637596.47182	10673172.86818
2020	285	18	5	0	1668	637600.67000	10673175.69091
2020	285	18	5	2	1671	637604.88818	10673178.53545
2020	285	18	5	4	1673	637609.13273	10673181.29182
2020	285	18	5	6	1676	637613.39727	10673184.06273
2020	285	18	5	8	1678	637617.63364	10673186.82000
2020	285	18	5	10	1681	637621.83182	10673189.55818
2020	285	18	5	12	1683	637625.96636	10673192.35727
2020	285	18	5	14	1686	637630.07727	10673195.12909
2020	285	18	5	16	1688	637634.22182	10673197.98545
2020	285	18	5	18	1691	637638.36727	10673200.89000
2020	285	18	5	20	1693	637642.52909	10673203.85182
2020	285	18	5	22	1696	637646.73727	10673206.73545
2020	285	18	5	24	1698	637651.02273	10673209.60455
2020	285	18	5	26	1701	637655.20091	10673212.55636
2020	285	18	5	28	1703	637659.46727	10673215.50727
2020	285	18	5	30	1706	637663.69273	10673218.35909
2020	285	18	5	32	1709	637667.86273	10673221.27818
2020	285	18	5	34	1711	637672.01909	10673224.24364
2020	285	18	5	36	1714	637676.18182	10673227.15636
2020	285	18	5	38	1716	637680.42727	10673230.04818
2020	285	18	5	40	1719	637684.56636	10673232.96000
2020	285	18	5	42	1721	637688.68636	10673235.82182
2020	285	18	5	44	1724	637692.93818	10673238.63273
2020	285	18	5	46	1726	637697.08818	10673241.53636
2020	285	18	5	48	1729	637701.17818	10673244.42000
2020	285	18	5	50	1731	637705.37364	10673247.23545
2020	285	18	5	52	1734	637709.60545	10673250.08455
2020	285	18	5	54	1737	637713.75727	10673253.10727
2020	285	18	5	56	1739	637717.95909	10673256.03909
2020	285	18	5	58	1742	637722.23545	10673259.01818
2020	285	18	6	0	1744	637726.34545	10673261.94182
2020	285	18	6	2	1747	637730.42909	10673264.98818
2020	285	18	6	4	1749	637734.49000	10673267.89455
2020	285	18	6	6	1752	637738.68455	10673270.81909
2020	285	18	6	8	1754	637742.77182	10673273.77455
2020	285	18	6	10	1757	637746.94818	10673276.75000
2020	285	18	6	12	1760	637751.25455	10673279.75545
2020	285	18	6	14	1762	637755.52455	10673282.68636
2020	285	18	6	16	1765	637759.73273	10673285.62273
2020	285	18	6	18	1767	637763.95273	10673288.60273
2020	285	18	6	20	1770	637768.30818	10673291.41364
2020	285	18	6	22	1772	637772.56545	10673294.31000
2020	285	18	6	24	1775	637776.83545	10673297.07909
2020	285	18	6	26	1778	637781.16909	10673299.79636
2020	285	18	6	28	1780	637785.38727	10673302.54545
2020	285	18	6	30	1783	637789.73727	10673305.17000
2020	285	18	6	32	1785	637793.96727	10673307.89182
2020	285	18	6	34	1788	637798.21818	10673310.63455
2020	285	18	6	36	1790	637802.47000	10673313.41273
2020	285	18	6	38	1793	637806.89091	10673316.13000
2020	285	18	6	40	1795	637811.13091	10673318.97818
2020	285	18	6	42	1798	637815.49000	10673321.67545
2020	285	18	6	44	1800	637819.83273	10673324.39273
2020	285	18	6	46	1803	637824.05273	10673327.06273
2020	285	18	6	48	1805	637828.22273	10673329.80000
2020	285	18	6	50	1808	637832.50364	10673332.56364
2020	285	18	6	52	1810	637836.72455	10673335.23727
2020	285	18	6	54	1813	637840.92909	10673337.99909
2020	285	18	6	56	1816	637845.26545	10673340.72818
2020	285	18	6	58	1818	637849.57182	10673343.44182
2020	285	18	7	0	1821	637853.86364	10673346.14818
2020	285	18	7	2	1823	637858.13909	10673348.87182
2020	285	18	7	4	1826	637862.44182	10673351.60545
2020	285	18	7	6	1828	637866.76545	10673354.28273
2020	285	18	7	8	1831	637871.08818	10673357.02909
2020	285	18	7	10	1833	637875.40545	10673359.77091
2020	285	18	7	12	1836	637879.74909	10673362.43091
2020	285	18	7	14	1838	637884.08000	10673365.12455
2020	285	18	7	16	1841	637888.38909	10673367.86727
2020	285	18	7	18	1844	637892.65727	10673370.59727
2020	285	18	7	20	1846	637896.84364	10673373.26909
2020	285	18	7	22	1849	637901.04727	10673376.05545
2020	285	18	7	24	1851	637905.28273	10673378.90818
2020	285	18	7	26	1854	637909.47182	10673381.72091
2020	285	18	7	28	1856	637913.68273	10673384.46455
2020	285	18	7	30	1859	637917.95636	10673387.28909
2020	285	18	7	32	1861	637922.35182	10673390.08455
2020	285	18	7	34	1864	637926.61091	10673392.80818
2020	285	18	7	36	1866	637930.89818	10673395.62818
2020	285	18	7	38	1869	637935.18545	10673398.47273
2020	285	18	7	40	1872	637939.42455	10673401.31364
2020	285	18	7	42	1874	637943.57000	10673404.21000
2020	285	18	7	44	1877	637947.66909	10673407.16636
2020	285	18	7	46	1879	637951.87636	10673410.12545
2020	285	18	7	48	1882	637955.99364	10673413.06818
2020	285	18	7	50	1884	637960.17182	10673416.05091
2020	285	18	7	52	1887	637964.40818	10673418.93636
2020	285	18	7	54	1889	637968.59273	10673421.85000
2020	285	18	7	56	1892	637972.77182	10673424.73455
2020	285	18	7	58	1894	637976.91727	10673427.56636
2020	285	18	8	0	1897	637981.11000	10673430.47455
2020	285	18	8	2	1900	637985.27545	10673433.36273
2020	285	18	8	4	1902	637989.45727	10673436.25818
2020	285	18	8	6	1905	637993.61182	10673439.12545
2020	285	18	8	8	1907	637997.88364	10673442.06000
2020	285	18	8	10	1910	638002.12818	10673444.90818
2020	285	18	8	12	1912	638006.40455	10673447.76000
2020	285	18	8	14	1915	638010.59727	10673450.57273
2020	285	18	8	16	1917	638014.87091	10673453.43636
2020	285	18	8	18	1920	638019.09545	10673456.18636
2020	285	18	8	20	1922	638023.32091	10673458.98455
2020	285	18	8	22	1925	638027.53364	10673461.84909
2020	285	18	8	24	1928	638031.74091	10673464.69636
2020	285	18	8	26	1930	638035.95273	10673467.52182
2020	285	18	8	28	1933	638040.20909	10673470.37091
2020	285	18	8	30	1935	638044.39091	10673473.25909
2020	285	18	8	32	1938	638048.62182	10673476.07455
2020	285	18	8	34	1940	638052.93727	10673478.78909
2020	285	18	8	36	1943	638057.19636	10673481.63182
2020	285	18	8	38	1945	638061.41273	10673484.39182
2020	285	18	8	40	1948	638065.67182	10673487.01909
2020	285	18	8	42	1950	638069.98273	10673489.74000
2020	285	18	8	44	1953	638074.27545	10673492.48909
2020	285	18	8	46	1955	638078.50636	10673495.10182
2020	285	18	8	48	1958	638082.81182	10673497.61636
2020	285	18	8	50	1961	638087.20545	10673500.37636
2020	285	18	8	52	1963	638091.49273	10673503.14455
2020	285	18	8	54	1966	638095.81545	10673505.77545
2020	285	18	8	56	1968	638100.12364	10673508.56636
2020	285	18	8	58	1971	638104.35909	10673511.35000
2020	285	18	9	0	1973	638108.61364	10673514.08727
2020	285	18	9	2	1976	638112.88455	10673516.82727
2020	285	18	9	4	1978	638117.09545	10673519.58636
2020	285	18	9	6	1981	638121.31091	10673522.28182
2020	285	18	9	8	1983	638125.56818	10673525.06727
2020	285	18	9	10	1986	638129.81273	10673527.93273
2020	285	18	9	12	1988	638134.04091	10673530.71000
2020	285	18	9	14	1991	638138.32000	10673533.45182
2020	285	18	9	16	1993	638142.45364	10673536.37091
2020	285	18	9	18	1996	638146.72636	10673539.18545
2020	285	18	9	20	1999	638150.92636	10673541.96909
2020	285	18	9	22	2001	638155.05909	10673544.75000
2020	285	18	9	24	2004	638159.21182	10673547.57091
2020	285	18	9	26	2006	638163.44818	10673550.28545
2020	285	18	9	28	2009	638167.62182	10673553.10182
2020	285	18	9	30	2011	638171.90182	10673555.94364
2020	285	18	9	32	2014	638176.25909	10673558.81091
2020	285	18	9	34	2016	638180.57818	10673561.72727
2020	285	18	9	36	2019	638184.91545	10673564.62818
2020	285	18	9	38	2022	638189.28909	10673567.47000
2020	285	18	9	40	2024	638193.60273	10673570.27000
2020	285	18	9	42	2027	638197.89091	10673573.04545
2020	285	18	9	44	2029	638202.17182	10673575.67636
2020	285	18	9	46	2032	638206.50455	10673578.23455
2020	285	18	9	48	2034	638210.84091	10673580.80273
2020	285	18	9	50	2037	638215.20818	10673583.31273
2020	285	18	9	52	2039	638219.51909	10673585.88636
2020	285	18	9	54	2042	638223.83182	10673588.50455
2020	285	18	9	56	2044	638228.25364	10673591.24273
2020	285	18	9	58	2047	638232.53727	10673594.08818
2020	285	18	10	0	2050	638236.80455	10673596.96636
2020	285	18	10	2	2052	638241.06545	10673599.73091
2020	285	18	10	4	2055	638245.36636	10673602.62364
2020	285	18	10	6	2057	638249.58364	10673605.47455
2020	285	18	10	8	2060	638253.82818	10673608.15000
2020	285	18	10	10	2062	638258.04636	10673610.84727
2020	285	18	10	12	2065	638262.34727	10673613.61455
2020	285	18	10	14	2067	638266.79273	10673616.24091
2020	285	18	10	16	2070	638271.22000	10673618.82636
2020	285	18	10	18	2073	638275.56364	10673621.53545
2020	285	18	10	20	2075	638279.96273	10673624.36000
2020	285	18	10	22	2078	638284.43545	10673627.01182
2020	285	18	10	24	2080	638288.66091	10673629.88182
2020	285	18	10	26	2083	638292.85273	10673632.82818
2020	285	18	10	28	2085	638297.13636	10673635.63091
2020	285	18	10	30	2088	638301.35909	10673638.48091
2020	285	18	10	32	2090	638305.55364	10673641.26364
2020	285	18	10	34	2093	638309.65273	10673644.03000
2020	285	18	10	36	2095	638313.80000	10673646.80636
2020	285	18	10	38	2098	638317.95727	10673649.61000
2020	285	18	10	40	2100	638322.04091	10673652.38727
2020	285	18	10	42	2103	638326.17364	10673655.12000
2020	285	18	10	44	2105	638330.38000	10673657.95545
2020	285	18	10	46	2108	638334.61182	10673660.74727
2020	285	18	10	48	2110	638338.85273	10673663.52636
2020	285	18	10	50	2113	638342.97455	10673666.29182
2020	285	18	10	52	2116	638347.29364	10673669.08727
2020	285	18	10	54	2118	638351.45000	10673671.90273
2020	285	18	10	56	2121	638355.53091	10673674.62909
2020	285	18	10	58	2123	638359.67455	10673677.38273
2020	285	18	11	0	2126	638363.88545	10673680.15273
2020	285	18	11	2	2128	638368.06091	10673682.88182
2020	285	18	11	4	2130	638372.13909	10673685.57636
2020	285	18	11	6	2133	638376.36364	10673688.28818
2020	285	18	11	8	2135	638380.56273	10673690.99909
2020	285	18	11	10	2138	638384.78455	10673693.65727
2020	285	18	11	12	2140	638388.88727	10673696.33727
2020	285	18	11	14	2143	638393.10273	10673699.06182
2020	285	18	11	16	2145	638397.31727	10673701.71818
2020	285	18	11	18	2148	638401.57273	10673704.29455
2020	285	18	11	20	2150	638405.81727	10673706.95364
2020	285	18	11	22	2153	638409.96636	10673709.56455
2020	285	18	11	24	2155	638414.19727	10673712.17636
2020	285	18	11	26	2158	638418.34727	10673714.80636
2020	285	18	11	28	2160	638422.43455	10673717.47636
2020	285	18	11	30	2163	638426.41636	10673720.23455
2020	285	18	11	32	2165	638430.49545	10673722.94273
2020	285	18	11	34	2168	638434.55909	10673725.62000
2020	285	18	11	36	2170	638438.64727	10673728.35273
2020	285	18	11	38	2172	638442.69545	10673731.10818
2020	285	18	11	40	2175	638446.88909	10673733.86636
2020	285	18	11	42	2177	638451.07909	10673736.62636
2020	285	18	11	44	2180	638455.19455	10673739.39273
2020	285	18	11	46	2182	638459.21545	10673742.26000
2020	285	18	11	48	2185	638463.31818	10673745.06091
2020	285	18	11	50	2187	638467.38091	10673747.88273
2020	285	18	11	52	2190	638471.34182	10673750.77182
2020	285	18	11	54	2192	638475.36273	10673753.57545
2020	285	18	11	56	2195	638479.39273	10673756.41636
2020	285	18	11	58	2197	638483.41545	10673759.14182
2020	285	18	12	0	2200	638487.51909	10673761.88364
2020	285	18	12	2	2202	638491.65545	10673764.53727
2020	285	18	12	4	2205	638495.79545	10673767.23545
2020	285	18	12	6	2207	638499.90000	10673770.00091
2020	285	18	12	8	2210	638504.10000	10673772.70182
2020	285	18	12	10	2212	638508.21091	10673775.43273
2020	285	18	12	12	2215	638512.33818	10673778.26636
2020	285	18	12	14	2217	638516.50182	10673781.02545
2020	285	18	12	16	2219	638520.56182	10673783.84727
2020	285	18	12	18	2222	638524.69182	10673786.71818
2020	285	18	12	20	2224	638528.76273	10673789.58818
2020	285	18	12	22	2227	638532.80455	10673792.45364
2020	285	18	12	24	2229	638536.84727	10673795.31273
2020	285	18	12	26	2232	638540.95091	10673798.15091
2020	285	18	12	28	2234	638545.07727	10673800.90000
2020	285	18	12	30	2237	638549.14909	10673803.62636
2020	285	18	12	32	2239	638553.30818	10673806.35273
2020	285	18	12	34	2242	638557.52000	10673809.07091
2020	285	18	12	36	2244	638561.59273	10673811.86909
2020	285	18	12	38	2247	638565.65909	10673814.59000
2020	285	18	12	40	2249	638569.89545	10673817.28818
2020	285	18	12	42	2252	638573.96000	10673820.04364
2020	285	18	12	44	2254	638578.02182	10673822.75182
2020	285	18	12	46	2257	638582.11455	10673825.41636
2020	285	18	12	48	2259	638586.26909	10673828.05364
2020	285	18	12	50	2262	638590.36818	10673830.82091
2020	285	18	12	52	2264	638594.52091	10673833.55182
2020	285	18	12	54	2267	638598.74818	10673836.35909
2020	285	18	12	56	2269	638603.00636	10673839.10636
2020	285	18	12	58	2272	638607.24091	10673841.84091
2020	285	18	13	0	2274	638611.41455	10673844.62091
2020	285	18	13	2	2277	638615.66091	10673847.33000
2020	285	18	13	4	2279	638619.95636	10673850.00000
2020	285	18	13	6	2282	638624.13182	10673852.64273
2020	285	18	13	8	2284	638628.38364	10673855.35182
2020	285	18	13	10	2287	638632.65636	10673858.02727
2020	285	18	13	12	2289	638636.89455	10673860.71545
2020	285	18	13	14	2292	638641.08909	10673863.33909
2020	285	18	13	16	2294	638645.32182	10673865.96727
2020	285	18	13	18	2297	638649.44636	10673868.76273
2020	285	18	13	20	2299	638653.60727	10673871.39818
2020	285	18	13	22	2302	638657.81182	10673873.97364
2020	285	18	13	24	2304	638661.89182	10673876.65182
2020	285	18	13	26	2307	638666.02909	10673879.39364
2020	285	18	13	28	2309	638670.23545	10673881.98818
2020	285	18	13	30	2311	638674.44182	10673884.67818
2020	285	18	13	32	2314	638678.59455	10673887.54727
2020	285	18	13	34	2317	638682.78545	10673890.34273
2020	285	18	13	36	2319	638686.99182	10673893.21000
2020	285	18	13	38	2322	638691.07909	10673896.07909
2020	285	18	13	40	2324	638695.20455	10673898.95000
2020	285	18	13	42	2327	638699.40364	10673901.74636
2020	285	18	13	44	2329	638703.52909	10673904.55545
2020	285	18	13	46	2332	638707.76000	10673907.23455
2020	285	18	13	48	2334	638711.98273	10673909.96909
2020	285	18	13	50	2337	638716.11818	10673912.68000
2020	285	18	13	52	2339	638720.21091	10673915.47091
2020	285	18	13	54	2342	638724.38000	10673918.10818
2020	285	18	13	56	2344	638728.46182	10673920.86182
2020	285	18	13	58	2346	638732.48091	10673923.67182
2020	285	18	14	0	2349	638736.68091	10673926.32818
2020	285	18	14	2	2351	638740.84000	10673929.04636
2020	285	18	14	4	2354	638744.85364	10673931.86182
2020	285	18	14	6	2356	638748.82545	10673934.70364
2020	285	18	14	8	2359	638752.99273	10673937.37727
2020	285	18	14	10	2361	638756.92727	10673940.21909
2020	285	18	14	12	2364	638760.96909	10673942.96909
2020	285	18	14	14	2366	638765.08364	10673945.68273
2020	285	18	14	16	2369	638769.16727	10673948.39091
2020	285	18	14	18	2371	638773.29273	10673951.18818
2020	285	18	14	20	2374	638777.45818	10673953.89364
2020	285	18	14	22	2376	638781.56273	10673956.65182
2020	285	18	14	24	2379	638785.68909	10673959.50364
2020	285	18	14	26	2381	638789.82364	10673962.24364
2020	285	18	14	28	2384	638793.99727	10673964.97455
2020	285	18	14	30	2386	638798.08273	10673967.76818
2020	285	18	14	32	2388	638802.21273	10673970.51455
2020	285	18	14	34	2391	638806.36636	10673973.16000
2020	285	18	14	36	2393	638810.55636	10673975.86455
2020	285	18	14	38	2396	638814.67091	10673978.63818
2020	285	18	14	40	2398	638818.78091	10673981.30182
2020	285	18	14	42	2401	638822.93091	10673984.07364
2020	285	18	14	44	2403	638826.97818	10673986.92273
2020	285	18	14	46	2406	638831.00182	10673989.63091
2020	285	18	14	48	2408	638834.86909	10673992.44545
2020	285	18	14	50	2411	638838.89364	10673995.24364
2020	285	18	14	52	2413	638842.93636	10673998.06364
2020	285	18	14	54	2415	638846.82000	10674000.82455
2020	285	18	14	56	2418	638850.82364	10674003.69818
2020	285	18	14	58	2420	638854.86182	10674006.56273
2020	285	18	15	0	2423	638858.90091	10674009.41818
2020	285	18	15	2	2425	638862.82727	10674012.34545
2020	285	18	15	4	2428	638866.86636	10674015.17273
2020	285	18	15	6	2430	638870.98636	10674018.05727
2020	285	18	15	8	2433	638874.93273	10674021.00091
2020	285	18	15	10	2435	638879.03182	10674023.84455
2020	285	18	15	12	2438	638883.04000	10674026.66364
2020	285	18	15	14	2440	638886.96000	10674029.59455
2020	285	18	15	16	2443	638890.83182	10674032.60455
2020	285	18	15	18	2445	638894.75636	10674035.52545
2020	285	18	15	20	2447	638898.62000	10674038.53818
2020	285	18	15	22	2450	638902.40364	10674041.66273
2020	285	18	15	24	2452	638906.23000	10674044.71909
2020	285	18	15	26	2455	638910.05545	10674047.75636
2020	285	18	15	28	2457	638913.90273	10674050.83273
2020	285	18	15	30	2460	638917.65091	10674053.98455
2020	285	18	15	32	2462	638921.43909	10674057.01909
2020	285	18	15	34	2465	638925.18818	10674060.00727
2020	285	18	15	36	2467	638928.90545	10674063.11455
2020	285	18	15	38	2469	638932.68000	10674066.06273
2020	285	18	15	40	2472	638936.45455	10674069.01091
2020	285	18	15	42	2474	638940.23545	10674071.99182
2020	285	18	15	44	2477	638944.01909	10674074.99545
2020	285	18	15	46	2479	638947.83455	10674078.00273
2020	285	18	15	48	2482	638951.73364	10674081.08182
2020	285	18	15	50	2484	638955.52182	10674084.20727
2020	285	18	15	52	2486	638959.42636	10674087.22545
2020	285	18	15	54	2489	638963.30364	10674090.21909
2020	285	18	15	56	2491	638967.31182	10674093.30364
2020	285	18	15	58	2494	638971.24455	10674096.16727
2020	285	18	16	0	2496	638975.25455	10674099.01182
2020	285	18	16	2	2499	638979.29455	10674101.90818
2020	285	18	16	4	2501	638983.38091	10674104.76182
2020	285	18	16	6	2504	638987.55818	10674107.53364
2020	285	18	16	8	2506	638991.67636	10674110.24000
2020	285	18	16	10	2509	638995.78091	10674113.05455
2020	285	18	16	12	2511	638999.97455	10674115.81545
2020	285	18	16	14	2514	639004.15636	10674118.47091
2020	285	18	16	16	2516	639008.24182	10674121.20909
2020	285	18	16	18	2519	639012.39091	10674123.98818
2020	285	18	16	20	2521	639016.54727	10674126.79455
2020	285	18	16	22	2524	639020.57273	10674129.54000
2020	285	18	16	24	2526	639024.57545	10674132.45273
2020	285	18	16	26	2529	639028.60091	10674135.37364
2020	285	18	16	28	2531	639032.54364	10674138.17182
2020	285	18	16	30	2533	639036.47000	10674141.09636
2020	285	18	16	32	2536	639040.53818	10674143.96818
2020	285	18	16	34	2538	639044.49182	10674146.78364
2020	285	18	16	36	2541	639048.56545	10674149.58182
2020	285	18	16	38	2543	639052.71727	10674152.37545
2020	285	18	16	40	2546	639056.93909	10674155.19182
2020	285	18	16	42	2548	639061.04000	10674157.97091
2020	285	18	16	44	2551	639065.21091	10674160.77909
2020	285	18	16	46	2553	639069.41455	10674163.63545
2020	285	18	16	48	2556	639073.60091	10674166.47000
2020	285	18	16	50	2558	639077.71455	10674169.28818
2020	285	18	16	52	2561	639081.95818	10674171.92727
2020	285	18	16	54	2563	639086.29545	10674174.55182
2020	285	18	16	56	2566	639090.58909	10674177.16455
2020	285	18	16	58	2568	639094.89182	10674179.74455
2020	285	18	17	0	2571	639099.25909	10674182.28091
2020	285	18	17	2	2574	639103.59364	10674184.85455
2020	285	18	17	4	2576	639107.78727	10674187.58091
2020	285	18	17	6	2579	639112.06182	10674190.26909
2020	285	18	17	8	2581	639116.29455	10674192.94000
2020	285	18	17	10	2584	639120.41091	10674195.71364
2020	285	18	17	12	2586	639124.47000	10674198.57000
2020	285	18	17	14	2589	639128.67818	10674201.37182
2020	285	18	17	16	2591	639132.74909	10674204.17545
2020	285	18	17	18	2593	639136.84636	10674206.94182
2020	285	18	17	20	2596	639141.02364	10674209.67455
2020	285	18	17	22	2599	639145.31636	10674212.31000
2020	285	18	17	24	2601	639149.48636	10674214.96636
2020	285	18	17	26	2603	639153.66000	10674217.54091
2020	285	18	17	28	2606	639157.89000	10674220.14273
2020	285	18	17	30	2608	639162.03273	10674222.74909
2020	285	18	17	32	2611	639166.20364	10674225.23818
2020	285	18	17	34	2613	639170.33545	10674227.86091
2020	285	18	17	36	2616	639174.65364	10674230.40364
2020	285	18	17	38	2618	639178.87091	10674232.94727
2020	285	18	17	40	2621	639183.08455	10674235.60909
2020	285	18	17	42	2623	639187.34273	10674238.24636
2020	285	18	17	44	2626	639191.57455	10674240.91182
2020	285	18	17	46	2628	639195.73545	10674243.54455
2020	285	18	17	48	2631	639199.88909	10674246.33545
2020	285	18	17	50	2633	639204.12545	10674248.95818
2020	285	18	17	52	2636	639208.37273	10674251.58364
2020	285	18	17	54	2638	639212.53818	10674254.29182
2020	285	18	17	56	2641	639216.79182	10674256.86727
2020	285	18	17	58	2643	639221.08182	10674259.38727
2020	285	18	18	0	2646	639225.31818	10674261.93909
2020	285	18	18	2	2648	639229.53636	10674264.46909
2020	285	18	18	4	2651	639233.84364	10674267.01455
2020	285	18	18	6	2653	639238.15818	10674269.66000
2020	285	18	18	8	2656	639242.32455	10674272.30091
2020	285	18	18	10	2658	639246.57636	10674274.99909
2020	285	18	18	12	2661	639250.89636	10674277.76636
2020	285	18	18	14	2663	639255.19818	10674280.46364
2020	285	18	18	16	2666	639259.33818	10674283.10273
2020	285	18	18	18	2668	639263.61909	10674285.80727
2020	285	18	18	20	2671	639267.92818	10674288.46636
2020	285	18	18	22	2673	639272.05636	10674291.13273
2020	285	18	18	24	2676	639276.33091	10674293.87091
2020	285	18	18	26	2678	639280.60182	10674296.66545
2020	285	18	18	28	2681	639284.81273	10674299.45000
2020	285	18	18	30	2683	639288.94636	10674302.22364
2020	285	18	18	32	2686	639293.25455	10674305.03727
2020	285	18	18	34	2688	639297.47818	10674307.86273
2020	285	18	18	36	2691	639301.65818	10674310.67182
2020	285	18	18	38	2693	639305.94636	10674313.45909
2020	285	18	18	40	2696	639310.27273	10674316.22091
2020	285	18	18	42	2699	639314.47000	10674319.00727
2020	285	18	18	44	2701	639318.75182	10674321.72909
2020	285	18	18	46	2704	639323.06727	10674324.45000
2020	285	18	18	48	2706	639327.22545	10674327.17909
2020	285	18	18	50	2709	639331.42727	10674329.85182
2020	285	18	18	52	2711	639335.65636	10674332.44818
2020	285	18	18	54	2714	639339.88091	10674335.03000
2020	285	18	18	56	2716	639344.10909	10674337.64364
2020	285	18	18	58	2719	639348.39727	10674340.16818
2020	285	18	19	0	2721	639352.71455	10674342.77182
2020	285	18	19	2	2724	639356.96545	10674345.44545
2020	285	18	19	4	2726	639361.27364	10674348.15091
2020	285	18	19	6	2729	639365.63182	10674350.86091
2020	285	18	19	8	2731	639369.86273	10674353.64818
2020	285	18	19	10	2734	639374.19909	10674356.43455
2020	285	18	19	12	2736	639378.52091	10674359.08364
2020	285	18	19	14	2739	639382.84636	10674361.85545
2020	285	18	19	16	2741	639387.11000	10674364.58636
2020	285	18	19	18	2744	639391.42909	10674367.18727
2020	285	18	19	20	2746	639395.77727	10674369.83000
2020	285	18	19	22	2749	639400.07364	10674372.53455
2020	285	18	19	24	2752	639404.47727	10674375.08273
2020	285	18	19	26	2754	639408.76000	10674377.68273
2020	285	18	19	28	2757	639413.02909	10674380.31364
2020	285	18	19	30	2759	639417.33000	10674382.90182
2020	285	18	19	32	2762	639421.65455	10674385.43091
2020	285	18	19	34	2764	639425.89455	10674388.08000
2020	285	18	19	36	2767	639430.18818	10674390.66727
2020	285	18	19	38	2769	639434.47727	10674393.14455
2020	285	18	19	40	2772	639438.62273	10674395.70909
2020	285	18	19	42	2774	639442.80273	10674398.28545
2020	285	18	19	44	2776	639447.03182	10674400.87273
2020	285	18	19	46	2779	639451.17636	10674403.42727
2020	285	18	19	48	2781	639455.30636	10674406.08818
2020	285	18	19	50	2784	639459.57273	10674408.82909
2020	285	18	19	52	2786	639463.83636	10674411.54182
2020	285	18	19	54	2789	639468.03636	10674414.18364
2020	285	18	19	56	2791	639472.26364	10674416.91364
2020	285	18	19	58	2794	639476.55091	10674419.63364
2020	285	18	20	0	2796	639480.85182	10674422.29545
2020	285	18	20	2	2799	639485.10182	10674424.91727
2020	285	18	20	4	2801	639489.37091	10674427.55091
2020	285	18	20	6	2804	639493.76818	10674430.18182
2020	285	18	20	8	2807	639498.16273	10674432.70727
2020	285	18	20	10	2809	639502.57000	10674435.33727
2020	285	18	20	12	2812	639506.93636	10674437.85182
2020	285	18	20	14	2814	639511.35818	10674440.40091
2020	285	18	20	16	2817	639515.67909	10674443.04909
2020	285	18	20	18	2819	639520.03091	10674445.63273
2020	285	18	20	20	2822	639524.27091	10674448.23273
2020	285	18	20	22	2824	639528.56000	10674450.89636
2020	285	18	20	24	2827	639532.81545	10674453.57182
2020	285	18	20	26	2829	639537.07727	10674456.27273
2020	285	18	20	28	2832	639541.27000	10674458.92636
2020	285	18	20	30	2834	639545.46000	10674461.60364
2020	285	18	20	32	2837	639549.73273	10674464.27364
2020	285	18	20	34	2839	639553.99727	10674467.01727
2020	285	18	20	36	2842	639558.19909	10674469.71636
2020	285	18	20	38	2844	639562.48273	10674472.45455
2020	285	18	20	40	2847	639566.74636	10674475.23727
2020	285	18	20	42	2849	639571.00182	10674478.09636
2020	285	18	20	44	2852	639575.15727	10674480.82545
2020	285	18	20	46	2854	639579.41818	10674483.57273
2020	285	18	20	48	2857	639583.55545	10674486.34364
2020	285	18	20	50	2859	639587.69364	10674489.19545
2020	285	18	20	52	2862	639591.86091	10674492.01364
2020	285	18	20	54	2865	639596.00091	10674494.88727
2020	285	18	20	56	2867	639600.11182	10674497.85182
2020	285	18	20	58	2870	639604.17727	10674500.75909
2020	285	18	21	0	2872	639608.36273	10674503.64182
2020	285	18	21	2	2875	639612.43455	10674506.51909
2020	285	18	21	4	2877	639616.55636	10674509.32455
2020	285	18	21	6	2880	639620.69182	10674512.11818
2020	285	18	21	8	2882	639624.88364	10674514.94636
2020	285	18	21	10	2885	639629.00636	10674517.67727
2020	285	18	21	12	2887	639633.12545	10674520.44364
2020	285	18	21	14	2890	639637.17273	10674523.18818
2020	285	18	21	16	2892	639641.33727	10674525.90545
2020	285	18	21	18	2895	639645.54909	10674528.60727
2020	285	18	21	20	2897	639649.59000	10674531.34364
2020	285	18	21	22	2899	639653.66455	10674534.02000
2020	285	18	21	24	2902	639657.82909	10674536.72727
2020	285	18	21	26	2904	639661.99273	10674539.48818
2020	285	18	21	28	2907	639666.02273	10674542.27455
2020	285	18	21	30	2909	639670.15727	10674545.08000
2020	285	18	21	32	2912	639674.34545	10674547.89091
2020	285	18	21	34	2914	639678.49455	10674550.77909
2020	285	18	21	36	2917	639682.64182	10674553.65000
2020	285	18	21	38	2919	639686.79545	10674556.55455
2020	285	18	21	40	2922	639690.93636	10674559.43364
2020	285	18	21	42	2924	639695.02364	10674562.25273
2020	285	18	21	44	2927	639699.18545	10674565.05727
2020	285	18	21	46	2929	639703.28273	10674567.87091
2020	285	18	21	48	2932	639707.32636	10674570.63273
2020	285	18	21	50	2934	639711.45182	10674573.42455
2020	285	18	21	52	2937	639715.58273	10674576.17818
2020	285	18	21	54	2939	639719.67000	10674578.98818
2020	285	18	21	56	2942	639723.76364	10674581.72636
2020	285	18	21	58	2944	639727.83000	10674584.47727
2020	285	18	22	0	2947	639731.83273	10674587.22909
2020	285	18	22	2	2949	639735.84273	10674589.97909
2020	285	18	22	4	2952	639739.85818	10674592.71000
2020	285	18	22	6	2954	639743.92636	10674595.48727
2020	285	18	22	8	2956	639747.92273	10674598.25909
2020	285	18	22	10	2959	639752.06273	10674601.00364
2020	285	18	22	12	2961	639756.26727	10674603.83091
2020	285	18	22	14	2964	639760.41091	10674606.60091
2020	285	18	22	16	2966	639764.66000	10674609.45000
2020	285	18	22	18	2969	639768.83455	10674612.28273
2020	285	18	22	20	2972	639773.11909	10674615.15455
2020	285	18	22	22	2974	639777.30364	10674618.04727
2020	285	18	22	24	2977	639781.44909	10674620.89909
2020	285	18	22	26	2979	639785.62000	10674623.71909
2020	285	18	22	28	2982	639789.83455	10674626.46545
2020	285	18	22	30	2984	639793.87364	10674629.22636
2020	285	18	22	32	2987	639797.95273	10674631.91273
2020	285	18	22	34	2989	639802.07545	10674634.66455
2020	285	18	22	36	2992	639806.18636	10674637.39000
2020	285	18	22	38	2994	639810.15636	10674640.16818
2020	285	18	22	40	2996	639814.25364	10674642.92273
2020	285	18	22	42	2999	639818.40000	10674645.65091
2020	285	18	22	44	3001	639822.50636	10674648.36000
2020	285	18	22	46	3004	639826.54636	10674651.03727
2020	285	18	22	48	3006	639830.62091	10674653.76000
2020	285	18	22	50	3009	639834.73182	10674656.49182
2020	285	18	22	52	3011	639838.78000	10674659.23636
2020	285	18	22	54	3014	639842.77909	10674662.01000
2020	285	18	22	56	3016	639846.92545	10674664.83818
2020	285	18	22	58	3019	639851.17000	10674667.64909
2020	285	18	23	0	3021	639855.25182	10674670.45909
2020	285	18	23	2	3024	639859.46182	10674673.27273
2020	285	18	23	4	3026	639863.71636	10674676.01727
2020	285	18	23	6	3029	639867.90364	10674678.80364
2020	285	18	23	8	3031	639872.12455	10674681.58364
2020	285	18	23	10	3034	639876.30364	10674684.33182
2020	285	18	23	12	3036	639880.52636	10674687.07364
2020	285	18	23	14	3039	639884.67182	10674689.88455
2020	285	18	23	16	3041	639888.83727	10674692.64909
2020	285	18	23	18	3044	639892.90727	10674695.44909
2020	285	18	23	20	3046	639896.98455	10674698.29545
2020	285	18	23	22	3049	639901.04455	10674701.14182
2020	285	18	23	24	3051	639905.07273	10674703.99455
2020	285	18	23	26	3054	639909.06273	10674706.85273
2020	285	18	23	28	3056	639913.11455	10674709.75091
2020	285	18	23	30	3059	639917.22000	10674712.59182
2020	285	18	23	32	3061	639921.23000	10674715.47273
2020	285	18	23	34	3064	639925.31000	10674718.28000
2020	285	18	23	36	3066	639929.40364	10674721.17273
2020	285	18	23	38	3068	639933.40000	10674723.97545
2020	285	18	23	40	3071	639937.39727	10674726.83545
2020	285	18	23	42	3073	639941.46455	10674729.72545
2020	285	18	23	44	3076	639945.55000	10674732.61182
2020	285	18	23	46	3078	639949.50727	10674735.44818
2020	285	18	23	48	3081	639953.59818	10674738.28818
2020	285	18	23	50	3083	639957.75455	10674741.15909
2020	285	18	23	52	3086	639961.84000	10674743.91091
2020	285	18	23	54	3088	639965.91182	10674746.64000
2020	285	18	23	56	3091	639970.09000	10674749.43909
2020	285	18	23	58	3093	639974.20273	10674752.22636
2020	285	18	24	0	3096	639978.34727	10674755.01364
2020	285	18	24	2	3098	639982.41636	10674757.78091
2020	285	18	24	4	3101	639986.45182	10674760.54273
2020	285	18	24	6	3103	639990.61909	10674763.27091
2020	285	18	24	8	3106	639994.69364	10674765.98182
2020	285	18	24	10	3108	639998.81273	10674768.67818
2020	285	18	24	12	3111	640002.93818	10674771.33636
2020	285	18	24	14	3113	640007.09818	10674773.97182
2020	285	18	24	16	3115	640011.24273	10674776.70818
2020	285	18	24	18	3118	640015.40727	10674779.39364
2020	285	18	24	20	3120	640019.53818	10674781.98455
2020	285	18	24	22	3123	640023.60182	10674784.66818
2020	285	18	24	24	3125	640027.78636	10674787.31727
2020	285	18	24	26	3128	640031.89909	10674790.02182
2020	285	18	24	28	3130	640035.88364	10674792.72364
2020	285	18	24	30	3133	640040.00455	10674795.47455
2020	285	18	24	32	3135	640044.08545	10674798.20545
2020	285	18	24	34	3138	640048.08273	10674800.97455
2020	285	18	24	36	3140	640052.10545	10674803.67091
2020	285	18	24	38	3142	640056.18091	10674806.36273
2020	285	18	24	40	3145	640060.25545	10674809.05545
2020	285	18	24	42	3147	640064.27364	10674811.75364
2020	285	18	24	44	3150	640068.40909	10674814.43818
2020	285	18	24	46	3152	640072.43182	10674817.10000
2020	285	18	24	48	3155	640076.44091	10674819.84364
2020	285	18	24	50	3157	640080.46091	10674822.48182
2020	285	18	24	52	3159	640084.52727	10674825.11727
2020	285	18	24	54	3162	640088.50091	10674827.85455
2020	285	18	24	56	3164	640092.54545	10674830.56091
2020	285	18	24	58	3167	640096.64545	10674833.20909
2020	285	18	25	0	3169	640100.72091	10674835.88545
2020	285	18	25	2	3172	640104.76182	10674838.60818
2020	285	18	25	4	3174	640108.89000	10674841.28727
2020	285	18	25	6	3176	640112.96636	10674843.86909
2020	285	18	25	8	3179	640116.99455	10674846.51364
2020	285	18	25	10	3181	640121.03273	10674849.14636
2020	285	18	25	12	3184	640125.05909	10674851.73091
2020	285	18	25	14	3186	640129.01636	10674854.37273
2020	285	18	25	16	3188	640132.92909	10674857.03364
2020	285	18	25	18	3191	640136.99545	10674859.66182
2020	285	18	25	20	3193	640141.08636	10674862.36091
2020	285	18	25	22	3196	640145.13636	10674865.07000
2020	285	18	25	24	3198	640149.30364	10674867.70455
2020	285	18	25	26	3201	640153.46182	10674870.30455
2020	285	18	25	28	3203	640157.62727	10674873.04545
2020	285	18	25	30	3206	640161.73091	10674875.83545
2020	285	18	25	32	3208	640165.83091	10674878.44182
2020	285	18	25	34	3210	640169.82818	10674881.17727
2020	285	18	25	36	3213	640173.83000	10674883.98727
2020	285	18	25	38	3215	640177.85273	10674886.81727
2020	285	18	25	40	3218	640181.86727	10674889.46636
2020	285	18	25	42	3220	640185.80727	10674892.20091
2020	285	18	25	44	3223	640189.82909	10674895.07182
2020	285	18	25	46	3225	640193.94818	10674897.78636
2020	285	18	25	48	3228	640197.98455	10674900.45364
2020	285	18	25	50	3230	640201.98636	10674903.20364
2020	285	18	25	52	3232	640206.09364	10674905.91455
2020	285	18	25	54	3235	640210.24818	10674908.60455
2020	285	18	25	56	3237	640214.37091	10674911.29000
2020	285	18	25	58	3240	640218.43818	10674913.94091
2020	285	18	26	0	3242	640222.62545	10674916.55364
2020	285	18	26	2	3245	640226.73727	10674919.18273
2020	285	18	26	4	3247	640230.81455	10674921.86364
2020	285	18	26	6	3250	640235.01000	10674924.43364
2020	285	18	26	8	3252	640239.07455	10674927.12455
2020	285	18	26	10	3255	640243.21636	10674929.95455
2020	285	18	26	12	3257	640247.30273	10674932.72000
2020	285	18	26	14	3259	640251.49273	10674935.50091
2020	285	18	26	16	3262	640255.60909	10674938.32091
2020	285	18	26	18	3264	640259.61273	10674941.10636
2020	285	18	26	20	3267	640263.75909	10674943.87455
2020	285	18	26	22	3269	640267.89909	10674946.71545
2020	285	18	26	24	3272	640271.90455	10674949.51727
2020	285	18	26	26	3274	640275.93727	10674952.30182
2020	285	18	26	28	3277	640279.99455	10674955.13364
2020	285	18	26	30	3279	640284.06636	10674958.03909
2020	285	18	26	32	3282	640288.17636	10674960.78364
2020	285	18	26	34	3284	640292.28273	10674963.52727
2020	285	18	26	36	3287	640296.31636	10674966.35727
2020	285	18	26	38	3289	640300.46182	10674969.06636
2020	285	18	26	40	3292	640304.58091	10674971.71909
2020	285	18	26	42	3294	640308.70727	10674974.45818
2020	285	18	26	44	3297	640312.77636	10674977.21545
2020	285	18	26	46	3299	640316.87273	10674979.90545
2020	285	18	26	48	3302	640321.06000	10674982.68727
2020	285	18	26	50	3304	640325.11182	10674985.52364
2020	285	18	26	52	3306	640329.20091	10674988.24273
2020	285	18	26	54	3309	640333.18273	10674991.00364
2020	285	18	26	56	3311	640337.19545	10674993.79273
2020	285	18	26	58	3314	640341.34636	10674996.51636
2020	285	18	27	0	3316	640345.44091	10674999.23727
2020	285	18	27	2	3319	640349.54455	10675002.03545
2020	285	18	27	4	3321	640353.67182	10675004.79909
2020	285	18	27	6	3324	640357.91636	10675007.43818
2020	285	18	27	8	3326	640362.05000	10675010.21636
2020	285	18	27	10	3329	640366.14909	10675012.88818
2020	285	18	27	12	3331	640370.35091	10675015.58273
2020	285	18	27	14	3334	640374.54455	10675018.41000
2020	285	18	27	16	3336	640378.66727	10675021.18818
2020	285	18	27	18	3339	640382.85727	10675023.98818
2020	285	18	27	20	3341	640386.91273	10675026.81182
2020	285	18	27	22	3344	640391.03091	10675029.71000
2020	285	18	27	24	3346	640395.14455	10675032.50909
2020	285	18	27	26	3349	640399.24909	10675035.25909
2020	285	18	27	28	3351	640403.22818	10675037.98455
2020	285	18	27	30	3354	640407.33818	10675040.78909
2020	285	18	27	32	3356	640411.50455	10675043.45727
2020	285	18	27	34	3358	640415.60909	10675046.10364
2020	285	18	27	36	3361	640419.73000	10675048.73455
2020	285	18	27	38	3363	640423.95909	10675051.43818
2020	285	18	27	40	3366	640428.14091	10675054.14909
2020	285	18	27	42	3368	640432.31545	10675056.68455
2020	285	18	27	44	3371	640436.43727	10675059.29000
2020	285	18	27	46	3373	640440.52091	10675061.95636
2020	285	18	27	48	3376	640444.61091	10675064.60000
2020	285	18	27	50	3378	640448.76091	10675067.15727
2020	285	18	27	52	3381	640452.85091	10675069.89182
2020	285	18	27	54	3383	640456.93909	10675072.65727
2020	285	18	27	56	3386	640461.18818	10675075.34364
2020	285	18	27	58	3388	640465.40545	10675078.01636
2020	285	18	28	0	3391	640469.63000	10675080.77909
2020	285	18	28	2	3393	640473.74455	10675083.44000
2020	285	18	28	4	3395	640477.82455	10675086.10455
2020	285	18	28	6	3398	640481.84364	10675088.89091
2020	285	18	28	8	3400	640485.87273	10675091.70818
2020	285	18	28	10	3403	640489.83182	10675094.42909
2020	285	18	28	12	3405	640493.87818	10675097.19000
2020	285	18	28	14	3408	640497.98909	10675100.06364
2020	285	18	28	16	3410	640502.11545	10675102.81273
2020	285	18	28	18	3413	640506.19636	10675105.57273
2020	285	18	28	20	3415	640510.32000	10675108.33000
2020	285	18	28	22	3418	640514.45000	10675111.14455
2020	285	18	28	24	3420	640518.48818	10675113.89455
2020	285	18	28	26	3423	640522.57273	10675116.56455
2020	285	18	28	28	3425	640526.61273	10675119.28727
2020	285	18	28	30	3427	640530.75000	10675121.90091
2020	285	18	28	32	3430	640534.85818	10675124.54364
2020	285	18	28	34	3432	640538.88455	10675127.14727
2020	285	18	28	36	3435	640542.95182	10675129.70818
2020	285	18	28	38	3437	640547.03727	10675132.29000
2020	285	18	28	40	3439	640551.06091	10675134.93091
2020	285	18	28	42	3442	640555.08182	10675137.58364
2020	285	18	28	44	3444	640559.19909	10675140.17636
2020	285	18	28	46	3447	640563.36364	10675142.76727
2020	285	18	28	48	3449	640567.38182	10675145.47818
2020	285	18	28	50	3452	640571.56273	10675148.09364
2020	285	18	28	52	3454	640575.59455	10675150.82727
2020	285	18	28	54	3456	640579.53364	10675153.61091
2020	285	18	28	56	3459	640583.49636	10675156.43364
2020	285	18	28	58	3461	640587.43636	10675159.28909
2020	285	18	29	0	3464	640591.36364	10675162.18000
2020	285	18	29	2	3466	640595.35273	10675165.05545
2020	285	18	29	4	3469	640599.32364	10675167.88727
2020	285	18	29	6	3471	640603.31727	10675170.67455
2020	285	18	29	8	3474	640607.30364	10675173.46818
2020	285	18	29	10	3476	640611.27545	10675176.26636
2020	285	18	29	12	3478	640615.26182	10675179.03455
2020	285	18	29	14	3481	640619.27909	10675181.75727
2020	285	18	29	16	3483	640623.31000	10675184.52364
2020	285	18	29	18	3486	640627.41727	10675187.24000
2020	285	18	29	20	3488	640631.49909	10675189.89455
2020	285	18	29	22	3491	640635.49000	10675192.63727
2020	285	18	29	24	3493	640639.54545	10675195.32000
2020	285	18	29	26	3495	640643.57455	10675198.00455
2020	285	18	29	28	3498	640647.49571	10675200.79000
2020	285	18	29	30	3500	640651.45000	10675203.46200
2020	285	18	29	32	3503	640654.96333	10675206.40000
