NAME	DATE	YEAR	DAY	HOUR	MINUTE	SECOND	CDP	SOU_X	SOU_Y
20AN4F04	22.09.2020	2020	266	7	54	22	48	1375652.794	10620108.04
20AN4F04	22.09.2020	2020	266	7	54	24	50	1375657.173	10620106.99
20AN4F04	22.09.2020	2020	266	7	54	26	51	1375661.574	10620105.93
20AN4F04	22.09.2020	2020	266	7	54	28	53	1375666.03	10620104.87
20AN4F04	22.09.2020	2020	266	7	54	30	54	1375670.445	10620103.81
20AN4F04	22.09.2020	2020	266	7	54	32	56	1375674.88	10620102.75
20AN4F04	22.09.2020	2020	266	7	54	34	57	1375679.333	10620101.68
20AN4F04	22.09.2020	2020	266	7	54	36	59	1375683.77	10620100.62
20AN4F04	22.09.2020	2020	266	7	54	38	60	1375688.203	10620099.56
20AN4F04	22.09.2020	2020	266	7	54	40	62	1375692.651	10620098.49
20AN4F04	22.09.2020	2020	266	7	54	42	63	1375697.097	10620097.43
20AN4F04	22.09.2020	2020	266	7	54	44	65	1375701.557	10620096.36
20AN4F04	22.09.2020	2020	266	7	54	46	66	1375706.027	10620095.36
20AN4F04	22.09.2020	2020	266	7	54	48	67	1375710.48	10620094.34
20AN4F04	22.09.2020	2020	266	7	54	50	69	1375714.883	10620093.17
20AN4F04	22.09.2020	2020	266	7	54	52	70	1375719.379	10620092.13
20AN4F04	22.09.2020	2020	266	7	54	54	72	1375723.796	10620091.02
20AN4F04	22.09.2020	2020	266	7	54	56	73	1375728.205	10620089.92
20AN4F04	22.09.2020	2020	266	7	54	58	75	1375732.627	10620088.93
20AN4F04	22.09.2020	2020	266	7	55	0	76	1375737.047	10620087.91
20AN4F04	22.09.2020	2020	266	7	55	2	78	1375741.488	10620086.8
20AN4F04	22.09.2020	2020	266	7	55	4	79	1375745.931	10620085.76
20AN4F04	22.09.2020	2020	266	7	55	6	81	1375750.35	10620084.79
20AN4F04	22.09.2020	2020	266	7	55	8	82	1375754.774	10620083.75
20AN4F04	22.09.2020	2020	266	7	55	10	83	1375759.222	10620082.67
20AN4F04	22.09.2020	2020	266	7	55	12	85	1375763.67	10620081.65
20AN4F04	22.09.2020	2020	266	7	55	14	86	1375768.099	10620080.63
20AN4F04	22.09.2020	2020	266	7	55	16	88	1375772.531	10620079.55
20AN4F04	22.09.2020	2020	266	7	55	18	89	1375776.98	10620078.47
20AN4F04	22.09.2020	2020	266	7	55	20	91	1375781.427	10620077.44
20AN4F04	22.09.2020	2020	266	7	55	22	92	1375785.862	10620076.38
20AN4F04	22.09.2020	2020	266	7	55	24	94	1375790.3	10620075.29
20AN4F04	22.09.2020	2020	266	7	55	26	95	1375794.746	10620074.21
20AN4F04	22.09.2020	2020	266	7	55	28	97	1375799.204	10620073.17
20AN4F04	22.09.2020	2020	266	7	55	30	98	1375803.646	10620072.11
20AN4F04	22.09.2020	2020	266	7	55	32	100	1375808.074	10620071.05
20AN4F04	22.09.2020	2020	266	7	55	34	101	1375812.513	10620070
20AN4F04	22.09.2020	2020	266	7	55	36	102	1375816.962	10620068.97
20AN4F04	22.09.2020	2020	266	7	55	38	104	1375821.395	10620067.96
20AN4F04	22.09.2020	2020	266	7	55	40	105	1375825.814	10620066.93
20AN4F04	22.09.2020	2020	266	7	55	42	107	1375830.243	10620065.89
20AN4F04	22.09.2020	2020	266	7	55	44	108	1375834.679	10620064.87
20AN4F04	22.09.2020	2020	266	7	55	46	110	1375839.107	10620063.88
20AN4F04	22.09.2020	2020	266	7	55	48	111	1375843.529	10620062.88
20AN4F04	22.09.2020	2020	266	7	55	50	113	1375847.943	10620061.84
20AN4F04	22.09.2020	2020	266	7	55	52	114	1375852.362	10620060.83
20AN4F04	22.09.2020	2020	266	7	55	54	116	1375856.782	10620059.85
20AN4F04	22.09.2020	2020	266	7	55	56	117	1375861.21	10620058.83
20AN4F04	22.09.2020	2020	266	7	55	58	118	1375865.63	10620057.79
20AN4F04	22.09.2020	2020	266	7	56	0	120	1375870.036	10620056.75
20AN4F04	22.09.2020	2020	266	7	56	2	121	1375874.465	10620055.69
20AN4F04	22.09.2020	2020	266	7	56	4	123	1375878.917	10620054.59
20AN4F04	22.09.2020	2020	266	7	56	6	124	1375883.328	10620053.53
20AN4F04	22.09.2020	2020	266	7	56	8	126	1375887.702	10620052.45
20AN4F04	22.09.2020	2020	266	7	56	10	127	1375892.114	10620051.3
20AN4F04	22.09.2020	2020	266	7	56	12	129	1375896.558	10620050.17
20AN4F04	22.09.2020	2020	266	7	56	14	130	1375900.933	10620049.1
20AN4F04	22.09.2020	2020	266	7	56	16	132	1375905.283	10620048
20AN4F04	22.09.2020	2020	266	7	56	18	133	1375909.681	10620046.84
20AN4F04	22.09.2020	2020	266	7	56	20	134	1375914.088	10620045.69
20AN4F04	22.09.2020	2020	266	7	56	22	136	1375918.453	10620044.63
20AN4F04	22.09.2020	2020	266	7	56	24	137	1375922.801	10620043.56
20AN4F04	22.09.2020	2020	266	7	56	26	139	1375927.181	10620042.38
20AN4F04	22.09.2020	2020	266	7	56	28	140	1375931.584	10620041.21
20AN4F04	22.09.2020	2020	266	7	56	30	142	1375935.971	10620040.15
20AN4F04	22.09.2020	2020	266	7	56	32	143	1375940.325	10620039.05
20AN4F04	22.09.2020	2020	266	7	56	34	145	1375944.7	10620037.85
20AN4F04	22.09.2020	2020	266	7	56	36	146	1375949.105	10620036.7
20AN4F04	22.09.2020	2020	266	7	56	38	147	1375953.483	10620035.59
20AN4F04	22.09.2020	2020	266	7	56	40	149	1375957.839	10620034.46
20AN4F04	22.09.2020	2020	266	7	56	42	150	1375962.219	10620033.31
20AN4F04	22.09.2020	2020	266	7	56	44	152	1375966.612	10620032.16
20AN4F04	22.09.2020	2020	266	7	56	46	153	1375971.002	10620031.01
20AN4F04	22.09.2020	2020	266	7	56	48	155	1375975.384	10620029.89
20AN4F04	22.09.2020	2020	266	7	56	50	156	1375979.768	10620028.77
20AN4F04	22.09.2020	2020	266	7	56	52	158	1375984.172	10620027.62
20AN4F04	22.09.2020	2020	266	7	56	54	159	1375988.584	10620026.48
20AN4F04	22.09.2020	2020	266	7	56	56	160	1375992.965	10620025.38
20AN4F04	22.09.2020	2020	266	7	56	58	162	1375997.359	10620024.28
20AN4F04	22.09.2020	2020	266	7	57	0	163	1376001.792	10620023.15
20AN4F04	22.09.2020	2020	266	7	57	2	165	1376006.205	10620022.05
20AN4F04	22.09.2020	2020	266	7	57	4	166	1376010.599	10620020.98
20AN4F04	22.09.2020	2020	266	7	57	6	168	1376015.027	10620019.88
20AN4F04	22.09.2020	2020	266	7	57	8	169	1376019.463	10620018.78
20AN4F04	22.09.2020	2020	266	7	57	10	171	1376023.875	10620017.7
20AN4F04	22.09.2020	2020	266	7	57	12	172	1376028.298	10620016.65
20AN4F04	22.09.2020	2020	266	7	57	14	174	1376032.724	10620015.53
20AN4F04	22.09.2020	2020	266	7	57	16	175	1376037.142	10620014.42
20AN4F04	22.09.2020	2020	266	7	57	18	177	1376041.554	10620013.38
20AN4F04	22.09.2020	2020	266	7	57	20	178	1376045.972	10620012.31
20AN4F04	22.09.2020	2020	266	7	57	22	179	1376050.399	10620011.16
20AN4F04	22.09.2020	2020	266	7	57	24	181	1376054.817	10620010.07
20AN4F04	22.09.2020	2020	266	7	57	26	182	1376059.244	10620009.03
20AN4F04	22.09.2020	2020	266	7	57	28	184	1376063.697	10620007.91
20AN4F04	22.09.2020	2020	266	7	57	30	185	1376068.157	10620006.79
20AN4F04	22.09.2020	2020	266	7	57	32	187	1376072.568	10620005.73
20AN4F04	22.09.2020	2020	266	7	57	34	188	1376076.979	10620004.65
20AN4F04	22.09.2020	2020	266	7	57	36	190	1376081.42	10620003.54
20AN4F04	22.09.2020	2020	266	7	57	38	191	1376085.841	10620002.46
20AN4F04	22.09.2020	2020	266	7	57	40	193	1376090.226	10620001.38
20AN4F04	22.09.2020	2020	266	7	57	42	194	1376094.624	10620000.26
20AN4F04	22.09.2020	2020	266	7	57	44	195	1376099.054	10619999.16
20AN4F04	22.09.2020	2020	266	7	57	46	197	1376103.477	10619998.07
20AN4F04	22.09.2020	2020	266	7	57	48	198	1376107.88	10619996.93
20AN4F04	22.09.2020	2020	266	7	57	50	200	1376112.298	10619995.75
20AN4F04	22.09.2020	2020	266	7	57	52	201	1376116.711	10619994.61
20AN4F04	22.09.2020	2020	266	7	57	54	203	1376121.107	10619993.5
20AN4F04	22.09.2020	2020	266	7	57	56	204	1376125.496	10619992.36
20AN4F04	22.09.2020	2020	266	7	57	58	206	1376129.899	10619991.19
20AN4F04	22.09.2020	2020	266	7	58	0	207	1376134.29	10619990.07
20AN4F04	22.09.2020	2020	266	7	58	2	209	1376138.661	10619988.98
20AN4F04	22.09.2020	2020	266	7	58	4	210	1376143.063	10619987.88
20AN4F04	22.09.2020	2020	266	7	58	6	211	1376147.483	10619986.72
20AN4F04	22.09.2020	2020	266	7	58	8	213	1376151.881	10619985.6
20AN4F04	22.09.2020	2020	266	7	58	10	214	1376156.258	10619984.55
20AN4F04	22.09.2020	2020	266	7	58	12	216	1376160.663	10619983.47
20AN4F04	22.09.2020	2020	266	7	58	14	217	1376165.096	10619982.32
20AN4F04	22.09.2020	2020	266	7	58	16	219	1376169.511	10619981.21
20AN4F04	22.09.2020	2020	266	7	58	18	220	1376173.905	10619980.14
20AN4F04	22.09.2020	2020	266	7	58	20	222	1376178.324	10619979.01
20AN4F04	22.09.2020	2020	266	7	58	22	223	1376182.758	10619977.85
20AN4F04	22.09.2020	2020	266	7	58	24	225	1376187.165	10619976.76
20AN4F04	22.09.2020	2020	266	7	58	26	226	1376191.567	10619975.67
20AN4F04	22.09.2020	2020	266	7	58	28	227	1376195.989	10619974.52
20AN4F04	22.09.2020	2020	266	7	58	30	229	1376200.405	10619973.44
20AN4F04	22.09.2020	2020	266	7	58	32	230	1376204.795	10619972.42
20AN4F04	22.09.2020	2020	266	7	58	34	232	1376209.222	10619971.33
20AN4F04	22.09.2020	2020	266	7	58	36	233	1376213.649	10619970.25
20AN4F04	22.09.2020	2020	266	7	58	38	235	1376218.042	10619969.26
20AN4F04	22.09.2020	2020	266	7	58	40	236	1376222.461	10619968.26
20AN4F04	22.09.2020	2020	266	7	58	42	238	1376226.901	10619967.21
20AN4F04	22.09.2020	2020	266	7	58	44	239	1376231.32	10619966.21
20AN4F04	22.09.2020	2020	266	7	58	46	241	1376235.727	10619965.26
20AN4F04	22.09.2020	2020	266	7	58	48	242	1376240.165	10619964.27
20AN4F04	22.09.2020	2020	266	7	58	50	243	1376244.599	10619963.25
20AN4F04	22.09.2020	2020	266	7	58	52	245	1376249.009	10619962.29
20AN4F04	22.09.2020	2020	266	7	58	54	246	1376253.444	10619961.32
20AN4F04	22.09.2020	2020	266	7	58	56	248	1376257.899	10619960.3
20AN4F04	22.09.2020	2020	266	7	58	58	249	1376262.338	10619959.3
20AN4F04	22.09.2020	2020	266	7	59	0	251	1376266.76	10619958.32
20AN4F04	22.09.2020	2020	266	7	59	2	252	1376271.208	10619957.28
20AN4F04	22.09.2020	2020	266	7	59	4	254	1376275.685	10619956.25
20AN4F04	22.09.2020	2020	266	7	59	6	255	1376280.117	10619955.24
20AN4F04	22.09.2020	2020	266	7	59	8	257	1376284.528	10619954.22
20AN4F04	22.09.2020	2020	266	7	59	10	258	1376288.98	10619953.19
20AN4F04	22.09.2020	2020	266	7	59	12	259	1376293.433	10619952.16
20AN4F04	22.09.2020	2020	266	7	59	14	261	1376297.854	10619951.13
20AN4F04	22.09.2020	2020	266	7	59	16	262	1376302.277	10619950.1
20AN4F04	22.09.2020	2020	266	7	59	18	264	1376306.718	10619949.07
20AN4F04	22.09.2020	2020	266	7	59	20	265	1376311.155	10619948.03
20AN4F04	22.09.2020	2020	266	7	59	22	267	1376315.594	10619947
20AN4F04	22.09.2020	2020	266	7	59	24	268	1376320.027	10619945.99
20AN4F04	22.09.2020	2020	266	7	59	26	270	1376324.45	10619944.95
20AN4F04	22.09.2020	2020	266	7	59	28	271	1376328.891	10619943.94
20AN4F04	22.09.2020	2020	266	7	59	30	273	1376333.334	10619942.93
20AN4F04	22.09.2020	2020	266	7	59	32	274	1376337.752	10619941.9
20AN4F04	22.09.2020	2020	266	7	59	34	275	1376342.173	10619940.88
20AN4F04	22.09.2020	2020	266	7	59	36	277	1376346.608	10619939.86
20AN4F04	22.09.2020	2020	266	7	59	38	278	1376351.049	10619938.82
20AN4F04	22.09.2020	2020	266	7	59	40	280	1376355.47	10619937.78
20AN4F04	22.09.2020	2020	266	7	59	42	281	1376359.889	10619936.74
20AN4F04	22.09.2020	2020	266	7	59	44	283	1376364.333	10619935.67
20AN4F04	22.09.2020	2020	266	7	59	46	284	1376368.775	10619934.61
20AN4F04	22.09.2020	2020	266	7	59	48	286	1376373.19	10619933.59
20AN4F04	22.09.2020	2020	266	7	59	50	287	1376377.594	10619932.52
20AN4F04	22.09.2020	2020	266	7	59	52	289	1376382.04	10619931.42
20AN4F04	22.09.2020	2020	266	7	59	54	290	1376386.477	10619930.39
20AN4F04	22.09.2020	2020	266	7	59	56	292	1376390.875	10619929.35
20AN4F04	22.09.2020	2020	266	7	59	58	293	1376395.296	10619928.24
20AN4F04	22.09.2020	2020	266	8	0	0	294	1376399.744	10619927.13
20AN4F04	22.09.2020	2020	266	8	0	2	296	1376404.173	10619926.1
20AN4F04	22.09.2020	2020	266	8	0	4	297	1376408.593	10619925.02
20AN4F04	22.09.2020	2020	266	8	0	6	299	1376413.046	10619923.87
20AN4F04	22.09.2020	2020	266	8	0	8	300	1376417.485	10619922.76
20AN4F04	22.09.2020	2020	266	8	0	10	302	1376421.909	10619921.71
20AN4F04	22.09.2020	2020	266	8	0	12	303	1376426.347	10619920.63
20AN4F04	22.09.2020	2020	266	8	0	14	305	1376430.785	10619919.47
20AN4F04	22.09.2020	2020	266	8	0	16	306	1376435.198	10619918.39
20AN4F04	22.09.2020	2020	266	8	0	18	308	1376439.608	10619917.36
20AN4F04	22.09.2020	2020	266	8	0	20	309	1376444.028	10619916.26
20AN4F04	22.09.2020	2020	266	8	0	22	310	1376448.442	10619915.14
20AN4F04	22.09.2020	2020	266	8	0	24	312	1376452.843	10619914.06
20AN4F04	22.09.2020	2020	266	8	0	26	313	1376457.234	10619913.04
20AN4F04	22.09.2020	2020	266	8	0	28	315	1376461.626	10619912
20AN4F04	22.09.2020	2020	266	8	0	30	316	1376466.036	10619910.94
20AN4F04	22.09.2020	2020	266	8	0	32	318	1376470.457	10619909.89
20AN4F04	22.09.2020	2020	266	8	0	34	319	1376474.848	10619908.88
20AN4F04	22.09.2020	2020	266	8	0	36	321	1376479.236	10619907.88
20AN4F04	22.09.2020	2020	266	8	0	38	322	1376483.665	10619906.79
20AN4F04	22.09.2020	2020	266	8	0	40	324	1376488.117	10619905.69
20AN4F04	22.09.2020	2020	266	8	0	42	325	1376492.511	10619904.67
20AN4F04	22.09.2020	2020	266	8	0	44	326	1376496.895	10619903.59
20AN4F04	22.09.2020	2020	266	8	0	46	328	1376501.33	10619902.45
20AN4F04	22.09.2020	2020	266	8	0	48	329	1376505.791	10619901.33
20AN4F04	22.09.2020	2020	266	8	0	50	331	1376510.195	10619900.26
20AN4F04	22.09.2020	2020	266	8	0	52	332	1376514.581	10619899.13
20AN4F04	22.09.2020	2020	266	8	0	54	334	1376519.019	10619897.98
20AN4F04	22.09.2020	2020	266	8	0	56	335	1376523.492	10619896.88
20AN4F04	22.09.2020	2020	266	8	0	58	337	1376527.913	10619895.78
20AN4F04	22.09.2020	2020	266	8	1	0	338	1376532.292	10619894.64
20AN4F04	22.09.2020	2020	266	8	1	2	340	1376536.719	10619893.51
20AN4F04	22.09.2020	2020	266	8	1	4	341	1376541.184	10619892.39
20AN4F04	22.09.2020	2020	266	8	1	6	342	1376545.589	10619891.26
20AN4F04	22.09.2020	2020	266	8	1	8	344	1376549.964	10619890.14
20AN4F04	22.09.2020	2020	266	8	1	10	345	1376554.388	10619888.96
20AN4F04	22.09.2020	2020	266	8	1	12	347	1376558.825	10619887.76
20AN4F04	22.09.2020	2020	266	8	1	14	348	1376563.216	10619886.65
20AN4F04	22.09.2020	2020	266	8	1	16	350	1376567.591	10619885.51
20AN4F04	22.09.2020	2020	266	8	1	18	351	1376572	10619884.25
20AN4F04	22.09.2020	2020	266	8	1	20	353	1376576.423	10619883.05
20AN4F04	22.09.2020	2020	266	8	1	22	354	1376580.809	10619882
20AN4F04	22.09.2020	2020	266	8	1	24	356	1376585.194	10619880.86
20AN4F04	22.09.2020	2020	266	8	1	26	357	1376589.608	10619879.62
20AN4F04	22.09.2020	2020	266	8	1	28	358	1376594.029	10619878.5
20AN4F04	22.09.2020	2020	266	8	1	30	360	1376598.43	10619877.44
20AN4F04	22.09.2020	2020	266	8	1	32	361	1376602.825	10619876.29
20AN4F04	22.09.2020	2020	266	8	1	34	363	1376607.237	10619875.12
20AN4F04	22.09.2020	2020	266	8	1	36	364	1376611.667	10619874
20AN4F04	22.09.2020	2020	266	8	1	38	366	1376616.091	10619872.88
20AN4F04	22.09.2020	2020	266	8	1	40	367	1376620.489	10619871.77
20AN4F04	22.09.2020	2020	266	8	1	42	369	1376624.873	10619870.67
20AN4F04	22.09.2020	2020	266	8	1	44	370	1376629.283	10619869.53
20AN4F04	22.09.2020	2020	266	8	1	46	372	1376633.691	10619868.38
20AN4F04	22.09.2020	2020	266	8	1	48	373	1376638.057	10619867.3
20AN4F04	22.09.2020	2020	266	8	1	50	374	1376642.421	10619866.21
20AN4F04	22.09.2020	2020	266	8	1	52	376	1376646.834	10619865.02
20AN4F04	22.09.2020	2020	266	8	1	54	377	1376651.259	10619863.85
20AN4F04	22.09.2020	2020	266	8	1	56	379	1376655.649	10619862.76
20AN4F04	22.09.2020	2020	266	8	1	58	380	1376660.046	10619861.61
20AN4F04	22.09.2020	2020	266	8	2	0	382	1376664.475	10619860.39
20AN4F04	22.09.2020	2020	266	8	2	2	383	1376668.898	10619859.21
20AN4F04	22.09.2020	2020	266	8	2	4	385	1376673.295	10619858.08
20AN4F04	22.09.2020	2020	266	8	2	6	386	1376677.694	10619856.9
20AN4F04	22.09.2020	2020	266	8	2	8	388	1376682.095	10619855.74
20AN4F04	22.09.2020	2020	266	8	2	10	389	1376686.495	10619854.61
20AN4F04	22.09.2020	2020	266	8	2	12	391	1376690.892	10619853.46
20AN4F04	22.09.2020	2020	266	8	2	14	392	1376695.293	10619852.32
20AN4F04	22.09.2020	2020	266	8	2	16	393	1376699.7	10619851.21
20AN4F04	22.09.2020	2020	266	8	2	18	395	1376704.1	10619850.07
20AN4F04	22.09.2020	2020	266	8	2	20	396	1376708.522	10619848.89
20AN4F04	22.09.2020	2020	266	8	2	22	398	1376712.934	10619847.78
20AN4F04	22.09.2020	2020	266	8	2	24	399	1376717.336	10619846.67
20AN4F04	22.09.2020	2020	266	8	2	26	401	1376721.738	10619845.51
20AN4F04	22.09.2020	2020	266	8	2	28	402	1376726.15	10619844.36
20AN4F04	22.09.2020	2020	266	8	2	30	404	1376730.55	10619843.25
20AN4F04	22.09.2020	2020	266	8	2	32	405	1376734.95	10619842.08
20AN4F04	22.09.2020	2020	266	8	2	34	407	1376739.354	10619840.91
20AN4F04	22.09.2020	2020	266	8	2	36	408	1376743.741	10619839.75
20AN4F04	22.09.2020	2020	266	8	2	38	409	1376748.132	10619838.56
20AN4F04	22.09.2020	2020	266	8	2	40	411	1376752.538	10619837.36
20AN4F04	22.09.2020	2020	266	8	2	42	412	1376756.93	10619836.2
20AN4F04	22.09.2020	2020	266	8	2	44	414	1376761.3	10619835.03
20AN4F04	22.09.2020	2020	266	8	2	46	415	1376765.695	10619833.84
20AN4F04	22.09.2020	2020	266	8	2	48	417	1376770.113	10619832.69
20AN4F04	22.09.2020	2020	266	8	2	50	418	1376774.524	10619831.56
20AN4F04	22.09.2020	2020	266	8	2	52	420	1376778.924	10619830.39
20AN4F04	22.09.2020	2020	266	8	2	54	421	1376783.345	10619829.22
20AN4F04	22.09.2020	2020	266	8	2	56	423	1376787.783	10619828.09
20AN4F04	22.09.2020	2020	266	8	2	58	424	1376792.211	10619826.95
20AN4F04	22.09.2020	2020	266	8	3	0	425	1376796.629	10619825.79
20AN4F04	22.09.2020	2020	266	8	3	2	427	1376801.063	10619824.62
20AN4F04	22.09.2020	2020	266	8	3	4	428	1376805.506	10619823.49
20AN4F04	22.09.2020	2020	266	8	3	6	430	1376809.931	10619822.42
20AN4F04	22.09.2020	2020	266	8	3	8	431	1376814.357	10619821.31
20AN4F04	22.09.2020	2020	266	8	3	10	433	1376818.803	10619820.18
20AN4F04	22.09.2020	2020	266	8	3	12	434	1376823.255	10619819.13
20AN4F04	22.09.2020	2020	266	8	3	14	436	1376827.681	10619818.14
20AN4F04	22.09.2020	2020	266	8	3	16	437	1376832.122	10619817.09
20AN4F04	22.09.2020	2020	266	8	3	18	439	1376836.603	10619816.03
20AN4F04	22.09.2020	2020	266	8	3	20	440	1376841.076	10619815.04
20AN4F04	22.09.2020	2020	266	8	3	22	442	1376845.509	10619814.08
20AN4F04	22.09.2020	2020	266	8	3	24	443	1376849.969	10619813.06
20AN4F04	22.09.2020	2020	266	8	3	26	445	1376854.461	10619812.04
20AN4F04	22.09.2020	2020	266	8	3	28	446	1376858.935	10619811.04
20AN4F04	22.09.2020	2020	266	8	3	30	447	1376863.368	10619810.05
20AN4F04	22.09.2020	2020	266	8	3	32	449	1376867.839	10619809.06
20AN4F04	22.09.2020	2020	266	8	3	34	450	1376872.349	10619808.03
20AN4F04	22.09.2020	2020	266	8	3	36	452	1376876.825	10619807
20AN4F04	22.09.2020	2020	266	8	3	38	453	1376881.271	10619806.02
20AN4F04	22.09.2020	2020	266	8	3	40	455	1376885.75	10619804.99
20AN4F04	22.09.2020	2020	266	8	3	42	456	1376890.264	10619803.93
20AN4F04	22.09.2020	2020	266	8	3	44	458	1376894.738	10619802.92
20AN4F04	22.09.2020	2020	266	8	3	46	459	1376899.182	10619801.91
20AN4F04	22.09.2020	2020	266	8	3	48	461	1376903.672	10619800.83
20AN4F04	22.09.2020	2020	266	8	3	50	462	1376908.173	10619799.79
20AN4F04	22.09.2020	2020	266	8	3	52	464	1376912.639	10619798.81
20AN4F04	22.09.2020	2020	266	8	3	54	465	1376917.089	10619797.75
20AN4F04	22.09.2020	2020	266	8	3	56	467	1376921.582	10619796.66
20AN4F04	22.09.2020	2020	266	8	3	58	468	1376926.076	10619795.68
20AN4F04	22.09.2020	2020	266	8	4	0	470	1376930.546	10619794.71
20AN4F04	22.09.2020	2020	266	8	4	2	471	1376935.023	10619793.66
20AN4F04	22.09.2020	2020	266	8	4	4	472	1376939.535	10619792.62
20AN4F04	22.09.2020	2020	266	8	4	6	474	1376944.027	10619791.66
20AN4F04	22.09.2020	2020	266	8	4	8	475	1376948.508	10619790.69
20AN4F04	22.09.2020	2020	266	8	4	10	477	1376953.023	10619789.65
20AN4F04	22.09.2020	2020	266	8	4	12	478	1376957.539	10619788.61
20AN4F04	22.09.2020	2020	266	8	4	14	480	1376962.034	10619787.62
20AN4F04	22.09.2020	2020	266	8	4	16	481	1376966.517	10619786.65
20AN4F04	22.09.2020	2020	266	8	4	18	483	1376971.017	10619785.65
20AN4F04	22.09.2020	2020	266	8	4	20	484	1376975.522	10619784.6
20AN4F04	22.09.2020	2020	266	8	4	22	486	1376980.018	10619783.63
20AN4F04	22.09.2020	2020	266	8	4	24	487	1376984.495	10619782.69
20AN4F04	22.09.2020	2020	266	8	4	26	489	1376988.973	10619781.71
20AN4F04	22.09.2020	2020	266	8	4	28	490	1376993.497	10619780.69
20AN4F04	22.09.2020	2020	266	8	4	30	492	1376998.033	10619779.7
20AN4F04	22.09.2020	2020	266	8	4	32	493	1377002.523	10619778.74
20AN4F04	22.09.2020	2020	266	8	4	34	495	1377007.005	10619777.75
20AN4F04	22.09.2020	2020	266	8	4	36	496	1377011.539	10619776.69
20AN4F04	22.09.2020	2020	266	8	4	38	498	1377016.093	10619775.66
20AN4F04	22.09.2020	2020	266	8	4	40	499	1377020.584	10619774.67
20AN4F04	22.09.2020	2020	266	8	4	42	501	1377025.038	10619773.66
20AN4F04	22.09.2020	2020	266	8	4	44	502	1377029.533	10619772.58
20AN4F04	22.09.2020	2020	266	8	4	46	503	1377034.048	10619771.55
20AN4F04	22.09.2020	2020	266	8	4	48	505	1377038.531	10619770.52
20AN4F04	22.09.2020	2020	266	8	4	50	506	1377042.989	10619769.46
20AN4F04	22.09.2020	2020	266	8	4	52	508	1377047.474	10619768.4
20AN4F04	22.09.2020	2020	266	8	4	54	509	1377051.986	10619767.36
20AN4F04	22.09.2020	2020	266	8	4	56	511	1377056.506	10619766.29
20AN4F04	22.09.2020	2020	266	8	4	58	512	1377061.009	10619765.2
20AN4F04	22.09.2020	2020	266	8	5	0	514	1377065.504	10619764.15
20AN4F04	22.09.2020	2020	266	8	5	2	515	1377070.023	10619763.06
20AN4F04	22.09.2020	2020	266	8	5	4	517	1377074.569	10619761.92
20AN4F04	22.09.2020	2020	266	8	5	6	518	1377079.095	10619760.8
20AN4F04	22.09.2020	2020	266	8	5	8	520	1377083.618	10619759.69
20AN4F04	22.09.2020	2020	266	8	5	10	521	1377088.147	10619758.53
20AN4F04	22.09.2020	2020	266	8	5	12	523	1377092.681	10619757.39
20AN4F04	22.09.2020	2020	266	8	5	14	524	1377097.227	10619756.27
20AN4F04	22.09.2020	2020	266	8	5	16	526	1377101.771	10619755.17
20AN4F04	22.09.2020	2020	266	8	5	18	527	1377106.287	10619754.09
20AN4F04	22.09.2020	2020	266	8	5	20	529	1377110.801	10619753.05
20AN4F04	22.09.2020	2020	266	8	5	22	530	1377115.357	10619752
20AN4F04	22.09.2020	2020	266	8	5	24	532	1377119.899	10619750.97
20AN4F04	22.09.2020	2020	266	8	5	26	533	1377124.388	10619750.01
20AN4F04	22.09.2020	2020	266	8	5	28	535	1377128.908	10619749.01
20AN4F04	22.09.2020	2020	266	8	5	30	536	1377133.464	10619747.97
20AN4F04	22.09.2020	2020	266	8	5	32	538	1377137.978	10619747
20AN4F04	22.09.2020	2020	266	8	5	34	539	1377142.463	10619746.07
20AN4F04	22.09.2020	2020	266	8	5	36	541	1377146.981	10619745.06
20AN4F04	22.09.2020	2020	266	8	5	38	542	1377151.512	10619744.01
20AN4F04	22.09.2020	2020	266	8	5	40	544	1377156	10619743.05
20AN4F04	22.09.2020	2020	266	8	5	42	545	1377160.486	10619742.05
20AN4F04	22.09.2020	2020	266	8	5	44	546	1377165.004	10619740.94
20AN4F04	22.09.2020	2020	266	8	5	46	548	1377169.507	10619739.86
20AN4F04	22.09.2020	2020	266	8	5	48	549	1377173.957	10619738.82
20AN4F04	22.09.2020	2020	266	8	5	50	551	1377178.415	10619737.69
20AN4F04	22.09.2020	2020	266	8	5	52	552	1377182.928	10619736.51
20AN4F04	22.09.2020	2020	266	8	5	54	554	1377187.385	10619735.39
20AN4F04	22.09.2020	2020	266	8	5	56	555	1377191.778	10619734.27
20AN4F04	22.09.2020	2020	266	8	5	58	557	1377196.24	10619733.07
20AN4F04	22.09.2020	2020	266	8	6	0	558	1377200.744	10619731.84
20AN4F04	22.09.2020	2020	266	8	6	2	560	1377205.162	10619730.68
20AN4F04	22.09.2020	2020	266	8	6	4	561	1377209.555	10619729.52
20AN4F04	22.09.2020	2020	266	8	6	6	563	1377214.022	10619728.24
20AN4F04	22.09.2020	2020	266	8	6	8	564	1377218.505	10619726.96
20AN4F04	22.09.2020	2020	266	8	6	10	566	1377222.922	10619725.76
20AN4F04	22.09.2020	2020	266	8	6	12	567	1377227.329	10619724.52
20AN4F04	22.09.2020	2020	266	8	6	14	569	1377231.776	10619723.16
20AN4F04	22.09.2020	2020	266	8	6	16	570	1377236.219	10619721.89
20AN4F04	22.09.2020	2020	266	8	6	18	571	1377240.622	10619720.7
20AN4F04	22.09.2020	2020	266	8	6	20	573	1377245.026	10619719.4
20AN4F04	22.09.2020	2020	266	8	6	22	574	1377249.463	10619718.09
20AN4F04	22.09.2020	2020	266	8	6	24	576	1377253.873	10619716.89
20AN4F04	22.09.2020	2020	266	8	6	26	577	1377258.275	10619715.67
20AN4F04	22.09.2020	2020	266	8	6	28	579	1377262.706	10619714.41
20AN4F04	22.09.2020	2020	266	8	6	30	580	1377267.123	10619713.2
20AN4F04	22.09.2020	2020	266	8	6	32	582	1377271.509	10619712.01
20AN4F04	22.09.2020	2020	266	8	6	34	583	1377275.927	10619710.76
20AN4F04	22.09.2020	2020	266	8	6	36	585	1377280.368	10619709.53
20AN4F04	22.09.2020	2020	266	8	6	38	586	1377284.774	10619708.35
20AN4F04	22.09.2020	2020	266	8	6	40	588	1377289.174	10619707.11
20AN4F04	22.09.2020	2020	266	8	6	42	589	1377293.623	10619705.83
20AN4F04	22.09.2020	2020	266	8	6	44	591	1377298.073	10619704.62
20AN4F04	22.09.2020	2020	266	8	6	46	592	1377302.486	10619703.42
20AN4F04	22.09.2020	2020	266	8	6	48	594	1377306.895	10619702.16
20AN4F04	22.09.2020	2020	266	8	6	50	595	1377311.357	10619700.86
20AN4F04	22.09.2020	2020	266	8	6	52	596	1377315.804	10619699.62
20AN4F04	22.09.2020	2020	266	8	6	54	598	1377320.196	10619698.39
20AN4F04	22.09.2020	2020	266	8	6	56	599	1377324.6	10619697.1
20AN4F04	22.09.2020	2020	266	8	6	58	601	1377329.052	10619695.79
20AN4F04	22.09.2020	2020	266	8	7	0	602	1377333.464	10619694.54
20AN4F04	22.09.2020	2020	266	8	7	2	604	1377337.831	10619693.33
20AN4F04	22.09.2020	2020	266	8	7	4	605	1377342.229	10619692.08
20AN4F04	22.09.2020	2020	266	8	7	6	607	1377346.655	10619690.81
20AN4F04	22.09.2020	2020	266	8	7	8	608	1377351.059	10619689.6
20AN4F04	22.09.2020	2020	266	8	7	10	610	1377355.44	10619688.46
20AN4F04	22.09.2020	2020	266	8	7	12	611	1377359.834	10619687.24
20AN4F04	22.09.2020	2020	266	8	7	14	613	1377364.251	10619686.02
20AN4F04	22.09.2020	2020	266	8	7	16	614	1377368.68	10619684.88
20AN4F04	22.09.2020	2020	266	8	7	18	616	1377373.077	10619683.73
20AN4F04	22.09.2020	2020	266	8	7	20	617	1377377.476	10619682.55
20AN4F04	22.09.2020	2020	266	8	7	22	618	1377381.914	10619681.39
20AN4F04	22.09.2020	2020	266	8	7	24	620	1377386.378	10619680.24
20AN4F04	22.09.2020	2020	266	8	7	26	621	1377390.796	10619679.08
20AN4F04	22.09.2020	2020	266	8	7	28	623	1377395.205	10619677.95
20AN4F04	22.09.2020	2020	266	8	7	30	624	1377399.669	10619676.75
20AN4F04	22.09.2020	2020	266	8	7	32	626	1377404.157	10619675.53
20AN4F04	22.09.2020	2020	266	8	7	34	627	1377408.596	10619674.38
20AN4F04	22.09.2020	2020	266	8	7	36	629	1377413.017	10619673.2
20AN4F04	22.09.2020	2020	266	8	7	38	630	1377417.51	10619671.92
20AN4F04	22.09.2020	2020	266	8	7	40	632	1377422.019	10619670.75
20AN4F04	22.09.2020	2020	266	8	7	42	633	1377426.45	10619669.65
20AN4F04	22.09.2020	2020	266	8	7	44	635	1377430.895	10619668.45
20AN4F04	22.09.2020	2020	266	8	7	46	636	1377435.424	10619667.25
20AN4F04	22.09.2020	2020	266	8	7	48	638	1377439.921	10619666.19
20AN4F04	22.09.2020	2020	266	8	7	50	639	1377444.351	10619665.12
20AN4F04	22.09.2020	2020	266	8	7	52	641	1377448.832	10619663.95
20AN4F04	22.09.2020	2020	266	8	7	54	642	1377453.369	10619662.83
20AN4F04	22.09.2020	2020	266	8	7	56	644	1377457.858	10619661.79
20AN4F04	22.09.2020	2020	266	8	7	58	645	1377462.31	10619660.74
20AN4F04	22.09.2020	2020	266	8	8	0	647	1377466.818	10619659.62
20AN4F04	22.09.2020	2020	266	8	8	2	648	1377471.364	10619658.52
20AN4F04	22.09.2020	2020	266	8	8	4	650	1377475.865	10619657.54
20AN4F04	22.09.2020	2020	266	8	8	6	651	1377480.32	10619656.54
20AN4F04	22.09.2020	2020	266	8	8	8	652	1377484.828	10619655.45
20AN4F04	22.09.2020	2020	266	8	8	10	654	1377489.379	10619654.4
20AN4F04	22.09.2020	2020	266	8	8	12	655	1377493.882	10619653.47
20AN4F04	22.09.2020	2020	266	8	8	14	657	1377498.35	10619652.49
20AN4F04	22.09.2020	2020	266	8	8	16	658	1377502.873	10619651.41
20AN4F04	22.09.2020	2020	266	8	8	18	660	1377507.432	10619650.39
20AN4F04	22.09.2020	2020	266	8	8	20	661	1377511.957	10619649.43
20AN4F04	22.09.2020	2020	266	8	8	22	663	1377516.448	10619648.41
20AN4F04	22.09.2020	2020	266	8	8	24	664	1377520.972	10619647.33
20AN4F04	22.09.2020	2020	266	8	8	26	666	1377525.545	10619646.3
20AN4F04	22.09.2020	2020	266	8	8	28	667	1377530.091	10619645.29
20AN4F04	22.09.2020	2020	266	8	8	30	669	1377534.595	10619644.23
20AN4F04	22.09.2020	2020	266	8	8	32	670	1377539.122	10619643.16
20AN4F04	22.09.2020	2020	266	8	8	34	672	1377543.676	10619642.1
20AN4F04	22.09.2020	2020	266	8	8	36	673	1377548.227	10619641.05
20AN4F04	22.09.2020	2020	266	8	8	38	675	1377552.746	10619639.98
20AN4F04	22.09.2020	2020	266	8	8	40	676	1377557.249	10619638.88
20AN4F04	22.09.2020	2020	266	8	8	42	678	1377561.782	10619637.78
20AN4F04	22.09.2020	2020	266	8	8	44	679	1377566.339	10619636.73
20AN4F04	22.09.2020	2020	266	8	8	46	681	1377570.877	10619635.69
20AN4F04	22.09.2020	2020	266	8	8	48	682	1377575.373	10619634.59
20AN4F04	22.09.2020	2020	266	8	8	50	684	1377579.903	10619633.53
20AN4F04	22.09.2020	2020	266	8	8	52	685	1377584.484	10619632.53
20AN4F04	22.09.2020	2020	266	8	8	54	687	1377589.036	10619631.52
20AN4F04	22.09.2020	2020	266	8	8	56	688	1377593.542	10619630.47
20AN4F04	22.09.2020	2020	266	8	8	58	690	1377598.077	10619629.42
20AN4F04	22.09.2020	2020	266	8	9	0	691	1377602.651	10619628.45
20AN4F04	22.09.2020	2020	266	8	9	2	693	1377607.19	10619627.5
20AN4F04	22.09.2020	2020	266	8	9	4	694	1377611.695	10619626.49
20AN4F04	22.09.2020	2020	266	8	9	6	696	1377616.242	10619625.45
20AN4F04	22.09.2020	2020	266	8	9	8	697	1377620.814	10619624.46
20AN4F04	22.09.2020	2020	266	8	9	10	699	1377625.37	10619623.5
20AN4F04	22.09.2020	2020	266	8	9	12	700	1377629.906	10619622.42
20AN4F04	22.09.2020	2020	266	8	9	14	702	1377634.469	10619621.3
20AN4F04	22.09.2020	2020	266	8	9	16	703	1377639.037	10619620.24
20AN4F04	22.09.2020	2020	266	8	9	18	705	1377643.578	10619619.22
20AN4F04	22.09.2020	2020	266	8	9	20	706	1377648.101	10619618.12
20AN4F04	22.09.2020	2020	266	8	9	22	708	1377652.641	10619616.97
20AN4F04	22.09.2020	2020	266	8	9	24	709	1377657.205	10619615.9
20AN4F04	22.09.2020	2020	266	8	9	26	711	1377661.728	10619614.88
20AN4F04	22.09.2020	2020	266	8	9	28	712	1377666.241	10619613.78
20AN4F04	22.09.2020	2020	266	8	9	30	714	1377670.808	10619612.65
20AN4F04	22.09.2020	2020	266	8	9	32	715	1377675.382	10619611.6
20AN4F04	22.09.2020	2020	266	8	9	34	717	1377679.898	10619610.6
20AN4F04	22.09.2020	2020	266	8	9	36	718	1377684.437	10619609.5
20AN4F04	22.09.2020	2020	266	8	9	38	720	1377689.08	10619608.36
20AN4F04	22.09.2020	2020	266	8	9	40	721	1377693.688	10619607.31
20AN4F04	22.09.2020	2020	266	8	9	42	723	1377698.241	10619606.3
20AN4F04	22.09.2020	2020	266	8	9	44	724	1377702.862	10619605.16
20AN4F04	22.09.2020	2020	266	8	9	46	726	1377707.533	10619604.02
20AN4F04	22.09.2020	2020	266	8	9	48	727	1377712.097	10619603.01
20AN4F04	22.09.2020	2020	266	8	9	50	729	1377716.598	10619602
20AN4F04	22.09.2020	2020	266	8	9	52	730	1377721.176	10619600.87
20AN4F04	22.09.2020	2020	266	8	9	54	732	1377725.746	10619599.79
20AN4F04	22.09.2020	2020	266	8	9	56	733	1377730.228	10619598.82
20AN4F04	22.09.2020	2020	266	8	9	58	735	1377734.726	10619597.79
20AN4F04	22.09.2020	2020	266	8	10	0	736	1377739.288	10619596.66
20AN4F04	22.09.2020	2020	266	8	10	2	738	1377743.832	10619595.61
20AN4F04	22.09.2020	2020	266	8	10	4	739	1377748.333	10619594.58
20AN4F04	22.09.2020	2020	266	8	10	6	740	1377752.865	10619593.49
20AN4F04	22.09.2020	2020	266	8	10	8	742	1377757.416	10619592.37
20AN4F04	22.09.2020	2020	266	8	10	10	743	1377761.947	10619591.32
20AN4F04	22.09.2020	2020	266	8	10	12	745	1377766.484	10619590.22
20AN4F04	22.09.2020	2020	266	8	10	14	746	1377771.018	10619589.09
20AN4F04	22.09.2020	2020	266	8	10	16	748	1377775.548	10619588.02
20AN4F04	22.09.2020	2020	266	8	10	18	749	1377780.093	10619586.91
20AN4F04	22.09.2020	2020	266	8	10	20	751	1377784.64	10619585.75
20AN4F04	22.09.2020	2020	266	8	10	22	752	1377789.15	10619584.64
20AN4F04	22.09.2020	2020	266	8	10	24	754	1377793.669	10619583.56
20AN4F04	22.09.2020	2020	266	8	10	26	755	1377798.225	10619582.42
20AN4F04	22.09.2020	2020	266	8	10	28	757	1377802.766	10619581.28
20AN4F04	22.09.2020	2020	266	8	10	30	758	1377807.29	10619580.21
20AN4F04	22.09.2020	2020	266	8	10	32	760	1377811.834	10619579.11
20AN4F04	22.09.2020	2020	266	8	10	34	761	1377816.377	10619578.01
20AN4F04	22.09.2020	2020	266	8	10	36	763	1377820.92	10619576.97
20AN4F04	22.09.2020	2020	266	8	10	38	764	1377825.478	10619575.9
20AN4F04	22.09.2020	2020	266	8	10	40	766	1377830.032	10619574.83
20AN4F04	22.09.2020	2020	266	8	10	42	767	1377834.571	10619573.82
20AN4F04	22.09.2020	2020	266	8	10	44	769	1377839.135	10619572.79
20AN4F04	22.09.2020	2020	266	8	10	46	770	1377843.718	10619571.69
20AN4F04	22.09.2020	2020	266	8	10	48	772	1377848.267	10619570.66
20AN4F04	22.09.2020	2020	266	8	10	50	773	1377852.798	10619569.64
20AN4F04	22.09.2020	2020	266	8	10	52	775	1377857.368	10619568.55
20AN4F04	22.09.2020	2020	266	8	10	54	776	1377861.945	10619567.46
20AN4F04	22.09.2020	2020	266	8	10	56	778	1377866.497	10619566.43
20AN4F04	22.09.2020	2020	266	8	10	58	779	1377871.054	10619565.34
20AN4F04	22.09.2020	2020	266	8	11	0	781	1377875.626	10619564.22
20AN4F04	22.09.2020	2020	266	8	11	2	782	1377880.189	10619563.16
20AN4F04	22.09.2020	2020	266	8	11	4	784	1377884.743	10619562.08
20AN4F04	22.09.2020	2020	266	8	11	6	785	1377889.317	10619560.94
20AN4F04	22.09.2020	2020	266	8	11	8	787	1377893.883	10619559.85
20AN4F04	22.09.2020	2020	266	8	11	10	788	1377898.431	10619558.78
20AN4F04	22.09.2020	2020	266	8	11	12	790	1377903.007	10619557.63
20AN4F04	22.09.2020	2020	266	8	11	14	791	1377907.593	10619556.51
20AN4F04	22.09.2020	2020	266	8	11	16	793	1377912.13	10619555.41
20AN4F04	22.09.2020	2020	266	8	11	18	794	1377916.653	10619554.29
20AN4F04	22.09.2020	2020	266	8	11	20	796	1377921.211	10619553.15
20AN4F04	22.09.2020	2020	266	8	11	22	797	1377925.753	10619552.05
20AN4F04	22.09.2020	2020	266	8	11	24	799	1377930.246	10619550.94
20AN4F04	22.09.2020	2020	266	8	11	26	800	1377934.752	10619549.78
20AN4F04	22.09.2020	2020	266	8	11	28	802	1377939.303	10619548.64
20AN4F04	22.09.2020	2020	266	8	11	30	803	1377943.823	10619547.54
20AN4F04	22.09.2020	2020	266	8	11	32	805	1377948.304	10619546.4
20AN4F04	22.09.2020	2020	266	8	11	34	806	1377952.835	10619545.19
20AN4F04	22.09.2020	2020	266	8	11	36	808	1377957.378	10619544.04
20AN4F04	22.09.2020	2020	266	8	11	38	809	1377961.879	10619542.94
20AN4F04	22.09.2020	2020	266	8	11	40	811	1377966.375	10619541.75
20AN4F04	22.09.2020	2020	266	8	11	42	812	1377970.925	10619540.49
20AN4F04	22.09.2020	2020	266	8	11	44	814	1377975.459	10619539.3
20AN4F04	22.09.2020	2020	266	8	11	46	815	1377979.937	10619538.19
20AN4F04	22.09.2020	2020	266	8	11	48	817	1377984.442	10619536.95
20AN4F04	22.09.2020	2020	266	8	11	50	818	1377988.996	10619535.65
20AN4F04	22.09.2020	2020	266	8	11	52	820	1377993.513	10619534.5
20AN4F04	22.09.2020	2020	266	8	11	54	821	1377997.98	10619533.38
20AN4F04	22.09.2020	2020	266	8	11	56	823	1378002.497	10619532.12
20AN4F04	22.09.2020	2020	266	8	11	58	824	1378007.053	10619530.87
20AN4F04	22.09.2020	2020	266	8	12	0	826	1378011.563	10619529.74
20AN4F04	22.09.2020	2020	266	8	12	2	827	1378016.029	10619528.61
20AN4F04	22.09.2020	2020	266	8	12	4	829	1378020.535	10619527.41
20AN4F04	22.09.2020	2020	266	8	12	6	830	1378025.081	10619526.21
20AN4F04	22.09.2020	2020	266	8	12	8	832	1378029.592	10619525.06
20AN4F04	22.09.2020	2020	266	8	12	10	833	1378034.076	10619523.92
20AN4F04	22.09.2020	2020	266	8	12	12	835	1378038.57	10619522.73
20AN4F04	22.09.2020	2020	266	8	12	14	836	1378043.112	10619521.51
20AN4F04	22.09.2020	2020	266	8	12	16	838	1378047.637	10619520.33
20AN4F04	22.09.2020	2020	266	8	12	18	839	1378052.129	10619519.2
20AN4F04	22.09.2020	2020	266	8	12	20	841	1378056.621	10619518.01
20AN4F04	22.09.2020	2020	266	8	12	22	842	1378061.154	10619516.78
20AN4F04	22.09.2020	2020	266	8	12	24	844	1378065.702	10619515.61
20AN4F04	22.09.2020	2020	266	8	12	26	845	1378070.203	10619514.46
20AN4F04	22.09.2020	2020	266	8	12	28	847	1378074.714	10619513.26
20AN4F04	22.09.2020	2020	266	8	12	30	848	1378079.254	10619512.02
20AN4F04	22.09.2020	2020	266	8	12	32	850	1378083.802	10619510.84
20AN4F04	22.09.2020	2020	266	8	12	34	851	1378088.318	10619509.69
20AN4F04	22.09.2020	2020	266	8	12	36	853	1378092.832	10619508.47
20AN4F04	22.09.2020	2020	266	8	12	38	854	1378097.359	10619507.26
20AN4F04	22.09.2020	2020	266	8	12	40	856	1378101.889	10619506.08
20AN4F04	22.09.2020	2020	266	8	12	42	857	1378106.427	10619504.93
20AN4F04	22.09.2020	2020	266	8	12	44	859	1378110.958	10619503.75
20AN4F04	22.09.2020	2020	266	8	12	46	860	1378115.476	10619502.57
20AN4F04	22.09.2020	2020	266	8	12	48	862	1378120.016	10619501.41
20AN4F04	22.09.2020	2020	266	8	12	50	863	1378124.576	10619500.25
20AN4F04	22.09.2020	2020	266	8	12	52	865	1378129.109	10619499.11
20AN4F04	22.09.2020	2020	266	8	12	54	866	1378133.619	10619497.97
20AN4F04	22.09.2020	2020	266	8	12	56	868	1378138.159	10619496.79
20AN4F04	22.09.2020	2020	266	8	12	58	869	1378142.725	10619495.62
20AN4F04	22.09.2020	2020	266	8	13	0	871	1378147.262	10619494.51
20AN4F04	22.09.2020	2020	266	8	13	2	872	1378151.759	10619493.38
20AN4F04	22.09.2020	2020	266	8	13	4	874	1378156.284	10619492.17
20AN4F04	22.09.2020	2020	266	8	13	6	875	1378160.848	10619491.01
20AN4F04	22.09.2020	2020	266	8	13	8	877	1378165.369	10619489.91
20AN4F04	22.09.2020	2020	266	8	13	10	878	1378169.855	10619488.75
20AN4F04	22.09.2020	2020	266	8	13	12	880	1378174.381	10619487.53
20AN4F04	22.09.2020	2020	266	8	13	14	881	1378178.941	10619486.39
20AN4F04	22.09.2020	2020	266	8	13	16	883	1378183.453	10619485.27
20AN4F04	22.09.2020	2020	266	8	13	18	884	1378187.965	10619484.09
20AN4F04	22.09.2020	2020	266	8	13	20	886	1378192.509	10619482.88
20AN4F04	22.09.2020	2020	266	8	13	22	887	1378197.056	10619481.73
20AN4F04	22.09.2020	2020	266	8	13	24	889	1378201.581	10619480.58
20AN4F04	22.09.2020	2020	266	8	13	26	890	1378206.124	10619479.37
20AN4F04	22.09.2020	2020	266	8	13	28	892	1378210.681	10619478.15
20AN4F04	22.09.2020	2020	266	8	13	30	893	1378215.214	10619476.98
20AN4F04	22.09.2020	2020	266	8	13	32	895	1378219.745	10619475.8
20AN4F04	22.09.2020	2020	266	8	13	34	896	1378224.284	10619474.58
20AN4F04	22.09.2020	2020	266	8	13	36	898	1378228.829	10619473.37
20AN4F04	22.09.2020	2020	266	8	13	38	899	1378233.378	10619472.18
20AN4F04	22.09.2020	2020	266	8	13	40	901	1378237.925	10619470.99
20AN4F04	22.09.2020	2020	266	8	13	42	902	1378242.466	10619469.82
20AN4F04	22.09.2020	2020	266	8	13	44	904	1378247.03	10619468.63
20AN4F04	22.09.2020	2020	266	8	13	46	905	1378251.605	10619467.42
20AN4F04	22.09.2020	2020	266	8	13	48	907	1378256.157	10619466.27
20AN4F04	22.09.2020	2020	266	8	13	50	908	1378260.686	10619465.14
20AN4F04	22.09.2020	2020	266	8	13	52	910	1378265.256	10619463.95
20AN4F04	22.09.2020	2020	266	8	13	54	911	1378269.855	10619462.75
20AN4F04	22.09.2020	2020	266	8	13	56	913	1378274.414	10619461.63
20AN4F04	22.09.2020	2020	266	8	13	58	914	1378278.95	10619460.5
20AN4F04	22.09.2020	2020	266	8	14	0	916	1378283.516	10619459.31
20AN4F04	22.09.2020	2020	266	8	14	2	917	1378288.112	10619458.14
20AN4F04	22.09.2020	2020	266	8	14	4	919	1378292.687	10619457.01
20AN4F04	22.09.2020	2020	266	8	14	6	920	1378297.237	10619455.86
20AN4F04	22.09.2020	2020	266	8	14	8	922	1378301.795	10619454.69
20AN4F04	22.09.2020	2020	266	8	14	10	923	1378306.382	10619453.55
20AN4F04	22.09.2020	2020	266	8	14	12	925	1378310.959	10619452.41
20AN4F04	22.09.2020	2020	266	8	14	14	926	1378315.499	10619451.28
20AN4F04	22.09.2020	2020	266	8	14	16	928	1378320.034	10619450.15
20AN4F04	22.09.2020	2020	266	8	14	18	929	1378324.6	10619448.99
20AN4F04	22.09.2020	2020	266	8	14	20	931	1378329.166	10619447.84
20AN4F04	22.09.2020	2020	266	8	14	22	932	1378333.703	10619446.73
20AN4F04	22.09.2020	2020	266	8	14	24	934	1378338.243	10619445.58
20AN4F04	22.09.2020	2020	266	8	14	26	935	1378342.814	10619444.36
20AN4F04	22.09.2020	2020	266	8	14	28	937	1378347.367	10619443.21
20AN4F04	22.09.2020	2020	266	8	14	30	938	1378351.89	10619442.08
20AN4F04	22.09.2020	2020	266	8	14	32	940	1378356.423	10619440.86
20AN4F04	22.09.2020	2020	266	8	14	34	941	1378360.991	10619439.61
20AN4F04	22.09.2020	2020	266	8	14	36	943	1378365.531	10619438.47
20AN4F04	22.09.2020	2020	266	8	14	38	944	1378370.024	10619437.34
20AN4F04	22.09.2020	2020	266	8	14	40	946	1378374.559	10619436.12
20AN4F04	22.09.2020	2020	266	8	14	42	947	1378379.136	10619434.89
20AN4F04	22.09.2020	2020	266	8	14	44	949	1378383.667	10619433.77
20AN4F04	22.09.2020	2020	266	8	14	46	950	1378388.152	10619432.65
20AN4F04	22.09.2020	2020	266	8	14	48	952	1378392.688	10619431.46
20AN4F04	22.09.2020	2020	266	8	14	50	953	1378397.271	10619430.26
20AN4F04	22.09.2020	2020	266	8	14	52	955	1378401.814	10619429.14
20AN4F04	22.09.2020	2020	266	8	14	54	956	1378406.337	10619428.01
20AN4F04	22.09.2020	2020	266	8	14	56	958	1378410.9	10619426.83
20AN4F04	22.09.2020	2020	266	8	14	58	959	1378415.494	10619425.68
20AN4F04	22.09.2020	2020	266	8	15	0	961	1378420.055	10619424.55
20AN4F04	22.09.2020	2020	266	8	15	2	962	1378424.605	10619423.38
20AN4F04	22.09.2020	2020	266	8	15	4	964	1378429.17	10619422.24
20AN4F04	22.09.2020	2020	266	8	15	6	965	1378433.737	10619421.11
20AN4F04	22.09.2020	2020	266	8	15	8	967	1378438.305	10619419.94
20AN4F04	22.09.2020	2020	266	8	15	10	968	1378442.878	10619418.74
20AN4F04	22.09.2020	2020	266	8	15	12	970	1378447.451	10619417.58
20AN4F04	22.09.2020	2020	266	8	15	14	971	1378452.006	10619416.42
20AN4F04	22.09.2020	2020	266	8	15	16	973	1378456.565	10619415.23
20AN4F04	22.09.2020	2020	266	8	15	18	974	1378461.145	10619414.09
20AN4F04	22.09.2020	2020	266	8	15	20	976	1378465.729	10619412.96
20AN4F04	22.09.2020	2020	266	8	15	22	977	1378470.291	10619411.83
20AN4F04	22.09.2020	2020	266	8	15	24	979	1378474.87	10619410.72
20AN4F04	22.09.2020	2020	266	8	15	26	980	1378479.495	10619409.6
20AN4F04	22.09.2020	2020	266	8	15	28	982	1378484.119	10619408.48
20AN4F04	22.09.2020	2020	266	8	15	30	983	1378488.709	10619407.4
20AN4F04	22.09.2020	2020	266	8	15	32	985	1378493.317	10619406.32
20AN4F04	22.09.2020	2020	266	8	15	34	986	1378497.963	10619405.21
20AN4F04	22.09.2020	2020	266	8	15	36	988	1378502.593	10619404.15
20AN4F04	22.09.2020	2020	266	8	15	38	989	1378507.191	10619403.12
20AN4F04	22.09.2020	2020	266	8	15	40	991	1378511.829	10619402.01
20AN4F04	22.09.2020	2020	266	8	15	42	993	1378516.483	10619400.93
20AN4F04	22.09.2020	2020	266	8	15	44	994	1378521.082	10619399.94
20AN4F04	22.09.2020	2020	266	8	15	46	996	1378525.694	10619398.88
20AN4F04	22.09.2020	2020	266	8	15	48	997	1378530.367	10619397.78
20AN4F04	22.09.2020	2020	266	8	15	50	999	1378534.991	10619396.8
20AN4F04	22.09.2020	2020	266	8	15	52	1000	1378539.572	10619395.83
20AN4F04	22.09.2020	2020	266	8	15	54	1002	1378544.224	10619394.77
20AN4F04	22.09.2020	2020	266	8	15	56	1003	1378548.892	10619393.75
20AN4F04	22.09.2020	2020	266	8	15	58	1005	1378553.485	10619392.82
20AN4F04	22.09.2020	2020	266	8	16	0	1006	1378558.104	10619391.81
20AN4F04	22.09.2020	2020	266	8	16	2	1008	1378562.771	10619390.74
20AN4F04	22.09.2020	2020	266	8	16	4	1009	1378567.394	10619389.76
20AN4F04	22.09.2020	2020	266	8	16	6	1011	1378572.009	10619388.78
20AN4F04	22.09.2020	2020	266	8	16	8	1012	1378576.684	10619387.66
20AN4F04	22.09.2020	2020	266	8	16	10	1014	1378581.333	10619386.59
20AN4F04	22.09.2020	2020	266	8	16	12	1015	1378585.929	10619385.62
20AN4F04	22.09.2020	2020	266	8	16	14	1017	1378590.571	10619384.54
20AN4F04	22.09.2020	2020	266	8	16	16	1018	1378595.261	10619383.37
20AN4F04	22.09.2020	2020	266	8	16	18	1020	1378599.876	10619382.34
20AN4F04	22.09.2020	2020	266	8	16	20	1021	1378604.438	10619381.34
20AN4F04	22.09.2020	2020	266	8	16	22	1023	1378609.08	10619380.21
20AN4F04	22.09.2020	2020	266	8	16	24	1024	1378613.755	10619379.11
20AN4F04	22.09.2020	2020	266	8	16	26	1026	1378618.346	10619378.1
20AN4F04	22.09.2020	2020	266	8	16	28	1027	1378622.911	10619377.05
20AN4F04	22.09.2020	2020	266	8	16	30	1029	1378627.555	10619375.96
20AN4F04	22.09.2020	2020	266	8	16	32	1030	1378632.209	10619374.92
20AN4F04	22.09.2020	2020	266	8	16	34	1032	1378636.805	10619373.88
20AN4F04	22.09.2020	2020	266	8	16	36	1033	1378641.408	10619372.82
20AN4F04	22.09.2020	2020	266	8	16	38	1035	1378646.047	10619371.79
20AN4F04	22.09.2020	2020	266	8	16	40	1037	1378650.686	10619370.76
20AN4F04	22.09.2020	2020	266	8	16	42	1038	1378655.305	10619369.69
20AN4F04	22.09.2020	2020	266	8	16	44	1040	1378659.941	10619368.61
20AN4F04	22.09.2020	2020	266	8	16	46	1041	1378664.586	10619367.53
20AN4F04	22.09.2020	2020	266	8	16	48	1043	1378669.218	10619366.45
20AN4F04	22.09.2020	2020	266	8	16	50	1044	1378673.842	10619365.35
20AN4F04	22.09.2020	2020	266	8	16	52	1046	1378678.484	10619364.21
20AN4F04	22.09.2020	2020	266	8	16	54	1047	1378683.133	10619363.09
20AN4F04	22.09.2020	2020	266	8	16	56	1049	1378687.765	10619361.99
20AN4F04	22.09.2020	2020	266	8	16	58	1050	1378692.404	10619360.88
20AN4F04	22.09.2020	2020	266	8	17	0	1052	1378697.073	10619359.73
20AN4F04	22.09.2020	2020	266	8	17	2	1053	1378701.747	10619358.63
20AN4F04	22.09.2020	2020	266	8	17	4	1055	1378706.408	10619357.54
20AN4F04	22.09.2020	2020	266	8	17	6	1056	1378711.059	10619356.44
20AN4F04	22.09.2020	2020	266	8	17	8	1058	1378715.725	10619355.36
20AN4F04	22.09.2020	2020	266	8	17	10	1059	1378720.392	10619354.28
20AN4F04	22.09.2020	2020	266	8	17	12	1061	1378725.058	10619353.2
20AN4F04	22.09.2020	2020	266	8	17	14	1063	1378729.706	10619352.13
20AN4F04	22.09.2020	2020	266	8	17	16	1064	1378734.365	10619351.07
20AN4F04	22.09.2020	2020	266	8	17	18	1066	1378739.041	10619349.99
20AN4F04	22.09.2020	2020	266	8	17	20	1067	1378743.704	10619348.89
20AN4F04	22.09.2020	2020	266	8	17	22	1069	1378748.351	10619347.81
20AN4F04	22.09.2020	2020	266	8	17	24	1070	1378752.997	10619346.74
20AN4F04	22.09.2020	2020	266	8	17	26	1072	1378757.652	10619345.66
20AN4F04	22.09.2020	2020	266	8	17	28	1073	1378762.302	10619344.58
20AN4F04	22.09.2020	2020	266	8	17	30	1075	1378766.935	10619343.52
20AN4F04	22.09.2020	2020	266	8	17	32	1076	1378771.579	10619342.46
20AN4F04	22.09.2020	2020	266	8	17	34	1078	1378776.231	10619341.41
20AN4F04	22.09.2020	2020	266	8	17	36	1079	1378780.873	10619340.37
20AN4F04	22.09.2020	2020	266	8	17	38	1081	1378785.507	10619339.29
20AN4F04	22.09.2020	2020	266	8	17	40	1082	1378790.163	10619338.21
20AN4F04	22.09.2020	2020	266	8	17	42	1084	1378794.82	10619337.15
20AN4F04	22.09.2020	2020	266	8	17	44	1085	1378799.452	10619336.07
20AN4F04	22.09.2020	2020	266	8	17	46	1087	1378804.102	10619334.97
20AN4F04	22.09.2020	2020	266	8	17	48	1088	1378808.765	10619333.88
20AN4F04	22.09.2020	2020	266	8	17	50	1090	1378813.413	10619332.79
20AN4F04	22.09.2020	2020	266	8	17	52	1092	1378818.059	10619331.69
20AN4F04	22.09.2020	2020	266	8	17	54	1093	1378822.707	10619330.59
20AN4F04	22.09.2020	2020	266	8	17	56	1095	1378827.358	10619329.49
20AN4F04	22.09.2020	2020	266	8	17	58	1096	1378832.026	10619328.39
20AN4F04	22.09.2020	2020	266	8	18	0	1098	1378836.69	10619327.27
20AN4F04	22.09.2020	2020	266	8	18	2	1099	1378841.332	10619326.18
20AN4F04	22.09.2020	2020	266	8	18	4	1101	1378845.986	10619325.08
20AN4F04	22.09.2020	2020	266	8	18	6	1102	1378850.656	10619323.96
20AN4F04	22.09.2020	2020	266	8	18	8	1104	1378855.302	10619322.84
20AN4F04	22.09.2020	2020	266	8	18	10	1105	1378859.927	10619321.78
20AN4F04	22.09.2020	2020	266	8	18	12	1107	1378864.573	10619320.71
20AN4F04	22.09.2020	2020	266	8	18	14	1108	1378869.24	10619319.6
20AN4F04	22.09.2020	2020	266	8	18	16	1110	1378873.887	10619318.56
20AN4F04	22.09.2020	2020	266	8	18	18	1111	1378878.518	10619317.52
20AN4F04	22.09.2020	2020	266	8	18	20	1113	1378883.185	10619316.44
20AN4F04	22.09.2020	2020	266	8	18	22	1114	1378887.86	10619315.38
20AN4F04	22.09.2020	2020	266	8	18	24	1116	1378892.489	10619314.35
20AN4F04	22.09.2020	2020	266	8	18	26	1118	1378897.128	10619313.27
20AN4F04	22.09.2020	2020	266	8	18	28	1119	1378901.807	10619312.2
20AN4F04	22.09.2020	2020	266	8	18	30	1121	1378906.464	10619311.17
20AN4F04	22.09.2020	2020	266	8	18	32	1122	1378911.086	10619310.11
20AN4F04	22.09.2020	2020	266	8	18	34	1124	1378915.733	10619309
20AN4F04	22.09.2020	2020	266	8	18	36	1125	1378920.405	10619307.94
20AN4F04	22.09.2020	2020	266	8	18	38	1127	1378925.045	10619306.92
20AN4F04	22.09.2020	2020	266	8	18	40	1128	1378929.682	10619305.82
20AN4F04	22.09.2020	2020	266	8	18	42	1130	1378934.348	10619304.7
20AN4F04	22.09.2020	2020	266	8	18	44	1131	1378939.014	10619303.64
20AN4F04	22.09.2020	2020	266	8	18	46	1133	1378943.658	10619302.6
20AN4F04	22.09.2020	2020	266	8	18	48	1134	1378948.319	10619301.47
20AN4F04	22.09.2020	2020	266	8	18	50	1136	1378953.003	10619300.33
20AN4F04	22.09.2020	2020	266	8	18	52	1137	1378957.656	10619299.25
20AN4F04	22.09.2020	2020	266	8	18	54	1139	1378962.303	10619298.15
20AN4F04	22.09.2020	2020	266	8	18	56	1140	1378966.977	10619297
20AN4F04	22.09.2020	2020	266	8	18	58	1142	1378971.644	10619295.86
20AN4F04	22.09.2020	2020	266	8	19	0	1144	1378976.285	10619294.73
20AN4F04	22.09.2020	2020	266	8	19	2	1145	1378980.939	10619293.57
20AN4F04	22.09.2020	2020	266	8	19	4	1147	1378985.61	10619292.43
20AN4F04	22.09.2020	2020	266	8	19	6	1148	1378990.267	10619291.31
20AN4F04	22.09.2020	2020	266	8	19	8	1150	1378994.912	10619290.13
20AN4F04	22.09.2020	2020	266	8	19	10	1151	1378999.59	10619288.94
20AN4F04	22.09.2020	2020	266	8	19	12	1153	1379004.261	10619287.85
20AN4F04	22.09.2020	2020	266	8	19	14	1154	1379008.905	10619286.75
20AN4F04	22.09.2020	2020	266	8	19	16	1156	1379013.563	10619285.54
20AN4F04	22.09.2020	2020	266	8	19	18	1157	1379018.257	10619284.35
20AN4F04	22.09.2020	2020	266	8	19	20	1159	1379022.927	10619283.28
20AN4F04	22.09.2020	2020	266	8	19	22	1160	1379027.554	10619282.17
20AN4F04	22.09.2020	2020	266	8	19	24	1162	1379032.207	10619280.95
20AN4F04	22.09.2020	2020	266	8	19	26	1163	1379036.893	10619279.78
20AN4F04	22.09.2020	2020	266	8	19	28	1165	1379041.552	10619278.73
20AN4F04	22.09.2020	2020	266	8	19	30	1167	1379046.164	10619277.62
20AN4F04	22.09.2020	2020	266	8	19	32	1168	1379050.806	10619276.42
20AN4F04	22.09.2020	2020	266	8	19	34	1170	1379055.487	10619275.28
20AN4F04	22.09.2020	2020	266	8	19	36	1171	1379060.14	10619274.22
20AN4F04	22.09.2020	2020	266	8	19	38	1173	1379064.765	10619273.11
20AN4F04	22.09.2020	2020	266	8	19	40	1174	1379069.417	10619271.91
20AN4F04	22.09.2020	2020	266	8	19	42	1176	1379074.089	10619270.77
20AN4F04	22.09.2020	2020	266	8	19	44	1177	1379078.734	10619269.69
20AN4F04	22.09.2020	2020	266	8	19	46	1179	1379083.376	10619268.53
20AN4F04	22.09.2020	2020	266	8	19	48	1180	1379088.031	10619267.31
20AN4F04	22.09.2020	2020	266	8	19	50	1182	1379092.686	10619266.14
20AN4F04	22.09.2020	2020	266	8	19	52	1183	1379097.341	10619265
20AN4F04	22.09.2020	2020	266	8	19	54	1185	1379102.011	10619263.79
20AN4F04	22.09.2020	2020	266	8	19	56	1186	1379106.687	10619262.57
20AN4F04	22.09.2020	2020	266	8	19	58	1188	1379111.342	10619261.41
20AN4F04	22.09.2020	2020	266	8	20	0	1190	1379116.005	10619260.21
20AN4F04	22.09.2020	2020	266	8	20	2	1191	1379120.694	10619258.99
20AN4F04	22.09.2020	2020	266	8	20	4	1193	1379125.375	10619257.79
20AN4F04	22.09.2020	2020	266	8	20	6	1194	1379130.035	10619256.6
20AN4F04	22.09.2020	2020	266	8	20	8	1196	1379134.709	10619255.4
20AN4F04	22.09.2020	2020	266	8	20	10	1197	1379139.4	10619254.18
20AN4F04	22.09.2020	2020	266	8	20	12	1199	1379144.072	10619252.99
20AN4F04	22.09.2020	2020	266	8	20	14	1200	1379148.726	10619251.83
20AN4F04	22.09.2020	2020	266	8	20	16	1202	1379153.396	10619250.64
20AN4F04	22.09.2020	2020	266	8	20	18	1203	1379158.092	10619249.43
20AN4F04	22.09.2020	2020	266	8	20	20	1205	1379162.771	10619248.26
20AN4F04	22.09.2020	2020	266	8	20	22	1207	1379167.439	10619247.1
20AN4F04	22.09.2020	2020	266	8	20	24	1208	1379172.134	10619245.91
20AN4F04	22.09.2020	2020	266	8	20	26	1210	1379176.813	10619244.72
20AN4F04	22.09.2020	2020	266	8	20	28	1211	1379181.493	10619243.54
20AN4F04	22.09.2020	2020	266	8	20	30	1213	1379186.154	10619242.37
20AN4F04	22.09.2020	2020	266	8	20	32	1214	1379190.841	10619241.17
20AN4F04	22.09.2020	2020	266	8	20	34	1216	1379195.533	10619240
20AN4F04	22.09.2020	2020	266	8	20	36	1217	1379200.225	10619238.82
20AN4F04	22.09.2020	2020	266	8	20	38	1219	1379204.89	10619237.62
20AN4F04	22.09.2020	2020	266	8	20	40	1220	1379209.572	10619236.45
20AN4F04	22.09.2020	2020	266	8	20	42	1222	1379214.277	10619235.27
20AN4F04	22.09.2020	2020	266	8	20	44	1224	1379218.961	10619234.06
20AN4F04	22.09.2020	2020	266	8	20	46	1225	1379223.629	10619232.84
20AN4F04	22.09.2020	2020	266	8	20	48	1227	1379228.316	10619231.65
20AN4F04	22.09.2020	2020	266	8	20	50	1228	1379233.028	10619230.44
20AN4F04	22.09.2020	2020	266	8	20	52	1230	1379237.729	10619229.22
20AN4F04	22.09.2020	2020	266	8	20	54	1231	1379242.407	10619227.98
20AN4F04	22.09.2020	2020	266	8	20	56	1233	1379247.111	10619226.75
20AN4F04	22.09.2020	2020	266	8	20	58	1234	1379251.834	10619225.53
20AN4F04	22.09.2020	2020	266	8	21	0	1236	1379256.532	10619224.33
20AN4F04	22.09.2020	2020	266	8	21	2	1238	1379261.194	10619223.08
20AN4F04	22.09.2020	2020	266	8	21	4	1239	1379265.869	10619221.87
20AN4F04	22.09.2020	2020	266	8	21	6	1241	1379270.554	10619220.71
20AN4F04	22.09.2020	2020	266	8	21	8	1242	1379275.215	10619219.52
20AN4F04	22.09.2020	2020	266	8	21	10	1244	1379279.86	10619218.3
20AN4F04	22.09.2020	2020	266	8	21	12	1245	1379284.513	10619217.12
20AN4F04	22.09.2020	2020	266	8	21	14	1247	1379289.189	10619215.95
20AN4F04	22.09.2020	2020	266	8	21	16	1248	1379293.868	10619214.72
20AN4F04	22.09.2020	2020	266	8	21	18	1250	1379298.523	10619213.49
20AN4F04	22.09.2020	2020	266	8	21	20	1251	1379303.17	10619212.26
20AN4F04	22.09.2020	2020	266	8	21	22	1253	1379307.854	10619210.99
20AN4F04	22.09.2020	2020	266	8	21	24	1254	1379312.544	10619209.71
20AN4F04	22.09.2020	2020	266	8	21	26	1256	1379317.183	10619208.45
20AN4F04	22.09.2020	2020	266	8	21	28	1258	1379321.811	10619207.17
20AN4F04	22.09.2020	2020	266	8	21	30	1259	1379326.5	10619205.85
20AN4F04	22.09.2020	2020	266	8	21	32	1261	1379331.187	10619204.58
20AN4F04	22.09.2020	2020	266	8	21	34	1262	1379335.813	10619203.31
20AN4F04	22.09.2020	2020	266	8	21	36	1264	1379340.441	10619201.97
20AN4F04	22.09.2020	2020	266	8	21	38	1265	1379345.119	10619200.64
20AN4F04	22.09.2020	2020	266	8	21	40	1267	1379349.779	10619199.38
20AN4F04	22.09.2020	2020	266	8	21	42	1268	1379354.399	10619198.11
20AN4F04	22.09.2020	2020	266	8	21	44	1270	1379359.033	10619196.78
20AN4F04	22.09.2020	2020	266	8	21	46	1271	1379363.694	10619195.52
20AN4F04	22.09.2020	2020	266	8	21	48	1273	1379368.353	10619194.33
20AN4F04	22.09.2020	2020	266	8	21	50	1275	1379373.009	10619193.11
20AN4F04	22.09.2020	2020	266	8	21	52	1276	1379377.659	10619191.84
20AN4F04	22.09.2020	2020	266	8	21	54	1278	1379382.318	10619190.64
20AN4F04	22.09.2020	2020	266	8	21	56	1279	1379386.995	10619189.48
20AN4F04	22.09.2020	2020	266	8	21	58	1281	1379391.665	10619188.27
20AN4F04	22.09.2020	2020	266	8	22	0	1282	1379396.322	10619187.06
20AN4F04	22.09.2020	2020	266	8	22	2	1284	1379401.001	10619185.86
20AN4F04	22.09.2020	2020	266	8	22	4	1285	1379405.694	10619184.69
20AN4F04	22.09.2020	2020	266	8	22	6	1287	1379410.364	10619183.51
20AN4F04	22.09.2020	2020	266	8	22	8	1288	1379415.037	10619182.3
20AN4F04	22.09.2020	2020	266	8	22	10	1290	1379419.742	10619181.06
20AN4F04	22.09.2020	2020	266	8	22	12	1292	1379424.439	10619179.89
20AN4F04	22.09.2020	2020	266	8	22	14	1293	1379429.101	10619178.74
20AN4F04	22.09.2020	2020	266	8	22	16	1295	1379433.784	10619177.49
20AN4F04	22.09.2020	2020	266	8	22	18	1296	1379438.504	10619176.25
20AN4F04	22.09.2020	2020	266	8	22	20	1298	1379443.189	10619175.11
20AN4F04	22.09.2020	2020	266	8	22	22	1299	1379447.85	10619173.94
20AN4F04	22.09.2020	2020	266	8	22	24	1301	1379452.551	10619172.69
20AN4F04	22.09.2020	2020	266	8	22	26	1302	1379457.259	10619171.47
20AN4F04	22.09.2020	2020	266	8	22	28	1304	1379461.945	10619170.31
20AN4F04	22.09.2020	2020	266	8	22	30	1305	1379466.635	10619169.11
20AN4F04	22.09.2020	2020	266	8	22	32	1307	1379471.333	10619167.9
20AN4F04	22.09.2020	2020	266	8	22	34	1309	1379476.022	10619166.69
20AN4F04	22.09.2020	2020	266	8	22	36	1310	1379480.715	10619165.49
20AN4F04	22.09.2020	2020	266	8	22	38	1312	1379485.415	10619164.31
20AN4F04	22.09.2020	2020	266	8	22	40	1313	1379490.108	10619163.12
20AN4F04	22.09.2020	2020	266	8	22	42	1315	1379494.8	10619161.92
20AN4F04	22.09.2020	2020	266	8	22	44	1316	1379499.493	10619160.72
20AN4F04	22.09.2020	2020	266	8	22	46	1318	1379504.198	10619159.55
20AN4F04	22.09.2020	2020	266	8	22	48	1319	1379508.914	10619158.36
20AN4F04	22.09.2020	2020	266	8	22	50	1321	1379513.626	10619157.13
20AN4F04	22.09.2020	2020	266	8	22	52	1323	1379518.326	10619155.9
20AN4F04	22.09.2020	2020	266	8	22	54	1324	1379523.046	10619154.7
20AN4F04	22.09.2020	2020	266	8	22	56	1326	1379527.791	10619153.47
20AN4F04	22.09.2020	2020	266	8	22	58	1327	1379532.52	10619152.21
20AN4F04	22.09.2020	2020	266	8	23	0	1329	1379537.219	10619150.97
20AN4F04	22.09.2020	2020	266	8	23	2	1330	1379541.928	10619149.73
20AN4F04	22.09.2020	2020	266	8	23	4	1332	1379546.657	10619148.47
20AN4F04	22.09.2020	2020	266	8	23	6	1333	1379551.387	10619147.21
20AN4F04	22.09.2020	2020	266	8	23	8	1335	1379556.088	10619145.95
20AN4F04	22.09.2020	2020	266	8	23	10	1337	1379560.779	10619144.71
20AN4F04	22.09.2020	2020	266	8	23	12	1338	1379565.493	10619143.5
20AN4F04	22.09.2020	2020	266	8	23	14	1340	1379570.213	10619142.26
20AN4F04	22.09.2020	2020	266	8	23	16	1341	1379574.918	10619141.03
20AN4F04	22.09.2020	2020	266	8	23	18	1343	1379579.614	10619139.83
20AN4F04	22.09.2020	2020	266	8	23	20	1344	1379584.308	10619138.66
20AN4F04	22.09.2020	2020	266	8	23	22	1346	1379589.013	10619137.47
20AN4F04	22.09.2020	2020	266	8	23	24	1348	1379593.734	10619136.27
20AN4F04	22.09.2020	2020	266	8	23	26	1349	1379598.455	10619135.09
20AN4F04	22.09.2020	2020	266	8	23	28	1351	1379603.135	10619133.91
20AN4F04	22.09.2020	2020	266	8	23	30	1352	1379607.823	10619132.73
20AN4F04	22.09.2020	2020	266	8	23	32	1354	1379612.558	10619131.51
20AN4F04	22.09.2020	2020	266	8	23	34	1355	1379617.275	10619130.3
20AN4F04	22.09.2020	2020	266	8	23	36	1357	1379621.94	10619129.11
20AN4F04	22.09.2020	2020	266	8	23	38	1358	1379626.612	10619127.89
20AN4F04	22.09.2020	2020	266	8	23	40	1360	1379631.298	10619126.66
20AN4F04	22.09.2020	2020	266	8	23	42	1361	1379635.959	10619125.46
20AN4F04	22.09.2020	2020	266	8	23	44	1363	1379640.588	10619124.24
20AN4F04	22.09.2020	2020	266	8	23	46	1365	1379645.228	10619122.98
20AN4F04	22.09.2020	2020	266	8	23	48	1366	1379649.887	10619121.77
20AN4F04	22.09.2020	2020	266	8	23	50	1368	1379654.561	10619120.56
20AN4F04	22.09.2020	2020	266	8	23	52	1369	1379659.25	10619119.26
20AN4F04	22.09.2020	2020	266	8	23	54	1371	1379663.951	10619117.99
20AN4F04	22.09.2020	2020	266	8	23	56	1372	1379668.663	10619116.77
20AN4F04	22.09.2020	2020	266	8	23	58	1374	1379673.383	10619115.49
20AN4F04	22.09.2020	2020	266	8	24	0	1375	1379678.108	10619114.22
20AN4F04	22.09.2020	2020	266	8	24	2	1377	1379682.824	10619113.03
20AN4F04	22.09.2020	2020	266	8	24	4	1379	1379687.565	10619111.85
20AN4F04	22.09.2020	2020	266	8	24	6	1380	1379692.32	10619110.67
20AN4F04	22.09.2020	2020	266	8	24	8	1382	1379697.062	10619109.54
20AN4F04	22.09.2020	2020	266	8	24	10	1383	1379701.802	10619108.44
20AN4F04	22.09.2020	2020	266	8	24	12	1385	1379706.592	10619107.29
20AN4F04	22.09.2020	2020	266	8	24	14	1386	1379711.382	10619106.13
20AN4F04	22.09.2020	2020	266	8	24	16	1388	1379716.127	10619105
20AN4F04	22.09.2020	2020	266	8	24	18	1390	1379720.884	10619103.86
20AN4F04	22.09.2020	2020	266	8	24	20	1391	1379725.67	10619102.72
20AN4F04	22.09.2020	2020	266	8	24	22	1393	1379730.44	10619101.59
20AN4F04	22.09.2020	2020	266	8	24	24	1394	1379735.186	10619100.47
20AN4F04	22.09.2020	2020	266	8	24	26	1396	1379739.949	10619099.37
20AN4F04	22.09.2020	2020	266	8	24	28	1397	1379744.712	10619098.31
20AN4F04	22.09.2020	2020	266	8	24	30	1399	1379749.476	10619097.25
20AN4F04	22.09.2020	2020	266	8	24	32	1400	1379754.27	10619096.14
20AN4F04	22.09.2020	2020	266	8	24	34	1402	1379759.066	10619095.08
20AN4F04	22.09.2020	2020	266	8	24	36	1404	1379763.828	10619094.09
20AN4F04	22.09.2020	2020	266	8	24	38	1405	1379768.613	10619093.06
20AN4F04	22.09.2020	2020	266	8	24	40	1407	1379773.46	10619091.95
20AN4F04	22.09.2020	2020	266	8	24	42	1408	1379778.258	10619090.89
20AN4F04	22.09.2020	2020	266	8	24	44	1410	1379783.012	10619089.91
20AN4F04	22.09.2020	2020	266	8	24	46	1411	1379787.807	10619088.87
20AN4F04	22.09.2020	2020	266	8	24	48	1413	1379792.648	10619087.76
20AN4F04	22.09.2020	2020	266	8	24	50	1415	1379797.441	10619086.68
20AN4F04	22.09.2020	2020	266	8	24	52	1416	1379802.208	10619085.65
20AN4F04	22.09.2020	2020	266	8	24	54	1418	1379807.012	10619084.63
20AN4F04	22.09.2020	2020	266	8	24	56	1419	1379811.821	10619083.55
20AN4F04	22.09.2020	2020	266	8	24	58	1421	1379816.621	10619082.4
20AN4F04	22.09.2020	2020	266	8	25	0	1422	1379821.419	10619081.32
20AN4F04	22.09.2020	2020	266	8	25	2	1424	1379826.214	10619080.3
20AN4F04	22.09.2020	2020	266	8	25	4	1426	1379830.997	10619079.19
20AN4F04	22.09.2020	2020	266	8	25	6	1427	1379835.8	10619078.01
20AN4F04	22.09.2020	2020	266	8	25	8	1429	1379840.6	10619076.92
20AN4F04	22.09.2020	2020	266	8	25	10	1430	1379845.375	10619075.88
20AN4F04	22.09.2020	2020	266	8	25	12	1432	1379850.15	10619074.75
20AN4F04	22.09.2020	2020	266	8	25	14	1434	1379854.953	10619073.58
20AN4F04	22.09.2020	2020	266	8	25	16	1435	1379859.747	10619072.47
20AN4F04	22.09.2020	2020	266	8	25	18	1437	1379864.531	10619071.37
20AN4F04	22.09.2020	2020	266	8	25	20	1438	1379869.317	10619070.23
20AN4F04	22.09.2020	2020	266	8	25	22	1440	1379874.097	10619069.08
20AN4F04	22.09.2020	2020	266	8	25	24	1441	1379878.877	10619067.95
20AN4F04	22.09.2020	2020	266	8	25	26	1443	1379883.664	10619066.82
20AN4F04	22.09.2020	2020	266	8	25	28	1445	1379888.444	10619065.71
20AN4F04	22.09.2020	2020	266	8	25	30	1446	1379893.215	10619064.59
20AN4F04	22.09.2020	2020	266	8	25	32	1448	1379898	10619063.44
20AN4F04	22.09.2020	2020	266	8	25	34	1449	1379902.782	10619062.32
20AN4F04	22.09.2020	2020	266	8	25	36	1451	1379907.556	10619061.24
20AN4F04	22.09.2020	2020	266	8	25	38	1452	1379912.342	10619060.11
20AN4F04	22.09.2020	2020	266	8	25	40	1454	1379917.144	10619058.94
20AN4F04	22.09.2020	2020	266	8	25	42	1456	1379921.93	10619057.83
20AN4F04	22.09.2020	2020	266	8	25	44	1457	1379926.703	10619056.73
20AN4F04	22.09.2020	2020	266	8	25	46	1459	1379931.511	10619055.54
20AN4F04	22.09.2020	2020	266	8	25	48	1460	1379936.323	10619054.36
20AN4F04	22.09.2020	2020	266	8	25	50	1462	1379941.092	10619053.24
20AN4F04	22.09.2020	2020	266	8	25	52	1463	1379945.85	10619052.11
20AN4F04	22.09.2020	2020	266	8	25	54	1465	1379950.652	10619050.91
20AN4F04	22.09.2020	2020	266	8	25	56	1467	1379955.469	10619049.74
20AN4F04	22.09.2020	2020	266	8	25	58	1468	1379960.246	10619048.61
20AN4F04	22.09.2020	2020	266	8	26	0	1470	1379965.01	10619047.45
20AN4F04	22.09.2020	2020	266	8	26	2	1471	1379969.804	10619046.25
20AN4F04	22.09.2020	2020	266	8	26	4	1473	1379974.618	10619045.08
20AN4F04	22.09.2020	2020	266	8	26	6	1474	1379979.426	10619043.93
20AN4F04	22.09.2020	2020	266	8	26	8	1476	1379984.198	10619042.75
20AN4F04	22.09.2020	2020	266	8	26	10	1478	1379988.979	10619041.58
20AN4F04	22.09.2020	2020	266	8	26	12	1479	1379993.797	10619040.46
20AN4F04	22.09.2020	2020	266	8	26	14	1481	1379998.618	10619039.33
20AN4F04	22.09.2020	2020	266	8	26	16	1482	1380003.399	10619038.17
20AN4F04	22.09.2020	2020	266	8	26	18	1484	1380008.174	10619037.04
20AN4F04	22.09.2020	2020	266	8	26	20	1485	1380012.987	10619035.92
20AN4F04	22.09.2020	2020	266	8	26	22	1487	1380017.811	10619034.8
20AN4F04	22.09.2020	2020	266	8	26	24	1489	1380022.603	10619033.64
20AN4F04	22.09.2020	2020	266	8	26	26	1490	1380027.4	10619032.47
20AN4F04	22.09.2020	2020	266	8	26	28	1492	1380032.209	10619031.34
20AN4F04	22.09.2020	2020	266	8	26	30	1493	1380037.005	10619030.21
20AN4F04	22.09.2020	2020	266	8	26	32	1495	1380041.8	10619029.02
20AN4F04	22.09.2020	2020	266	8	26	34	1497	1380046.6	10619027.82
20AN4F04	22.09.2020	2020	266	8	26	36	1498	1380051.391	10619026.69
20AN4F04	22.09.2020	2020	266	8	26	38	1500	1380056.176	10619025.55
20AN4F04	22.09.2020	2020	266	8	26	40	1501	1380060.98	10619024.33
20AN4F04	22.09.2020	2020	266	8	26	42	1503	1380065.79	10619023.13
20AN4F04	22.09.2020	2020	266	8	26	44	1504	1380070.597	10619021.97
20AN4F04	22.09.2020	2020	266	8	26	46	1506	1380075.409	10619020.79
20AN4F04	22.09.2020	2020	266	8	26	48	1508	1380080.208	10619019.58
20AN4F04	22.09.2020	2020	266	8	26	50	1509	1380085.021	10619018.36
20AN4F04	22.09.2020	2020	266	8	26	52	1511	1380089.858	10619017.17
20AN4F04	22.09.2020	2020	266	8	26	54	1512	1380094.676	10619016
20AN4F04	22.09.2020	2020	266	8	26	56	1514	1380099.468	10619014.77
20AN4F04	22.09.2020	2020	266	8	26	58	1516	1380104.279	10619013.53
20AN4F04	22.09.2020	2020	266	8	27	0	1517	1380109.108	10619012.37
20AN4F04	22.09.2020	2020	266	8	27	2	1519	1380113.908	10619011.24
20AN4F04	22.09.2020	2020	266	8	27	4	1520	1380118.691	10619010.02
20AN4F04	22.09.2020	2020	266	8	27	6	1522	1380123.493	10619008.82
20AN4F04	22.09.2020	2020	266	8	27	8	1523	1380128.3	10619007.75
20AN4F04	22.09.2020	2020	266	8	27	10	1525	1380133.099	10619006.66
20AN4F04	22.09.2020	2020	266	8	27	12	1527	1380137.908	10619005.45
20AN4F04	22.09.2020	2020	266	8	27	14	1528	1380142.726	10619004.27
20AN4F04	22.09.2020	2020	266	8	27	16	1530	1380147.525	10619003.2
20AN4F04	22.09.2020	2020	266	8	27	18	1531	1380152.316	10619002.1
20AN4F04	22.09.2020	2020	266	8	27	20	1533	1380157.14	10619000.88
20AN4F04	22.09.2020	2020	266	8	27	22	1535	1380161.966	10618999.66
20AN4F04	22.09.2020	2020	266	8	27	24	1536	1380166.752	10618998.56
20AN4F04	22.09.2020	2020	266	8	27	26	1538	1380171.526	10618997.44
20AN4F04	22.09.2020	2020	266	8	27	28	1539	1380176.348	10618996.21
20AN4F04	22.09.2020	2020	266	8	27	30	1541	1380181.187	10618994.98
20AN4F04	22.09.2020	2020	266	8	27	32	1542	1380185.98	10618993.83
20AN4F04	22.09.2020	2020	266	8	27	34	1544	1380190.757	10618992.69
20AN4F04	22.09.2020	2020	266	8	27	36	1546	1380195.584	10618991.49
20AN4F04	22.09.2020	2020	266	8	27	38	1547	1380200.451	10618990.26
20AN4F04	22.09.2020	2020	266	8	27	40	1549	1380205.283	10618989.06
20AN4F04	22.09.2020	2020	266	8	27	42	1550	1380210.073	10618987.9
20AN4F04	22.09.2020	2020	266	8	27	44	1552	1380214.899	10618986.71
20AN4F04	22.09.2020	2020	266	8	27	46	1554	1380219.766	10618985.47
20AN4F04	22.09.2020	2020	266	8	27	48	1555	1380224.599	10618984.26
20AN4F04	22.09.2020	2020	266	8	27	50	1557	1380229.389	10618983.1
20AN4F04	22.09.2020	2020	266	8	27	52	1558	1380234.196	10618981.94
20AN4F04	22.09.2020	2020	266	8	27	54	1560	1380239.029	10618980.77
20AN4F04	22.09.2020	2020	266	8	27	56	1562	1380243.859	10618979.57
20AN4F04	22.09.2020	2020	266	8	27	58	1563	1380248.667	10618978.41
20AN4F04	22.09.2020	2020	266	8	28	0	1565	1380253.469	10618977.31
20AN4F04	22.09.2020	2020	266	8	28	2	1566	1380258.29	10618976.19
20AN4F04	22.09.2020	2020	266	8	28	4	1568	1380263.137	10618975.01
20AN4F04	22.09.2020	2020	266	8	28	6	1569	1380267.958	10618973.86
20AN4F04	22.09.2020	2020	266	8	28	8	1571	1380272.766	10618972.76
20AN4F04	22.09.2020	2020	266	8	28	10	1573	1380277.608	10618971.63
20AN4F04	22.09.2020	2020	266	8	28	12	1574	1380282.443	10618970.45
20AN4F04	22.09.2020	2020	266	8	28	14	1576	1380287.239	10618969.27
20AN4F04	22.09.2020	2020	266	8	28	16	1577	1380292.056	10618968.1
20AN4F04	22.09.2020	2020	266	8	28	18	1579	1380296.892	10618966.94
20AN4F04	22.09.2020	2020	266	8	28	20	1581	1380301.683	10618965.76
20AN4F04	22.09.2020	2020	266	8	28	22	1582	1380306.46	10618964.51
20AN4F04	22.09.2020	2020	266	8	28	24	1584	1380311.291	10618963.27
20AN4F04	22.09.2020	2020	266	8	28	26	1585	1380316.117	10618962.13
20AN4F04	22.09.2020	2020	266	8	28	28	1587	1380320.879	10618960.92
20AN4F04	22.09.2020	2020	266	8	28	30	1588	1380325.662	10618959.6
20AN4F04	22.09.2020	2020	266	8	28	32	1590	1380330.497	10618958.37
20AN4F04	22.09.2020	2020	266	8	28	34	1592	1380335.287	10618957.24
20AN4F04	22.09.2020	2020	266	8	28	36	1593	1380340.04	10618955.99
20AN4F04	22.09.2020	2020	266	8	28	38	1595	1380344.851	10618954.67
20AN4F04	22.09.2020	2020	266	8	28	40	1596	1380349.684	10618953.48
20AN4F04	22.09.2020	2020	266	8	28	42	1598	1380354.469	10618952.34
20AN4F04	22.09.2020	2020	266	8	28	44	1600	1380359.264	10618951.05
20AN4F04	22.09.2020	2020	266	8	28	46	1601	1380364.098	10618949.76
20AN4F04	22.09.2020	2020	266	8	28	48	1603	1380368.916	10618948.59
20AN4F04	22.09.2020	2020	266	8	28	50	1604	1380373.708	10618947.39
20AN4F04	22.09.2020	2020	266	8	28	52	1606	1380378.524	10618946.09
20AN4F04	22.09.2020	2020	266	8	28	54	1608	1380383.339	10618944.86
20AN4F04	22.09.2020	2020	266	8	28	56	1609	1380388.136	10618943.68
20AN4F04	22.09.2020	2020	266	8	28	58	1611	1380392.949	10618942.43
20AN4F04	22.09.2020	2020	266	8	29	0	1612	1380397.764	10618941.18
20AN4F04	22.09.2020	2020	266	8	29	2	1614	1380402.563	10618940
20AN4F04	22.09.2020	2020	266	8	29	4	1615	1380407.367	10618938.78
20AN4F04	22.09.2020	2020	266	8	29	6	1617	1380412.206	10618937.55
20AN4F04	22.09.2020	2020	266	8	29	8	1619	1380417.044	10618936.34
20AN4F04	22.09.2020	2020	266	8	29	10	1620	1380421.842	10618935.15
20AN4F04	22.09.2020	2020	266	8	29	12	1622	1380426.657	10618933.93
20AN4F04	22.09.2020	2020	266	8	29	14	1623	1380431.508	10618932.71
20AN4F04	22.09.2020	2020	266	8	29	16	1625	1380436.34	10618931.49
20AN4F04	22.09.2020	2020	266	8	29	18	1627	1380441.128	10618930.3
20AN4F04	22.09.2020	2020	266	8	29	20	1628	1380445.919	10618929.12
20AN4F04	22.09.2020	2020	266	8	29	22	1630	1380450.761	10618927.89
20AN4F04	22.09.2020	2020	266	8	29	24	1631	1380455.596	10618926.68
20AN4F04	22.09.2020	2020	266	8	29	26	1633	1380460.376	10618925.51
20AN4F04	22.09.2020	2020	266	8	29	28	1635	1380465.167	10618924.31
20AN4F04	22.09.2020	2020	266	8	29	30	1636	1380470.023	10618923.07
20AN4F04	22.09.2020	2020	266	8	29	32	1638	1380474.87	10618921.87
20AN4F04	22.09.2020	2020	266	8	29	34	1639	1380479.664	10618920.67
20AN4F04	22.09.2020	2020	266	8	29	36	1641	1380484.477	10618919.44
20AN4F04	22.09.2020	2020	266	8	29	38	1642	1380489.334	10618918.22
20AN4F04	22.09.2020	2020	266	8	29	40	1644	1380494.166	10618917
20AN4F04	22.09.2020	2020	266	8	29	42	1646	1380498.974	10618915.73
20AN4F04	22.09.2020	2020	266	8	29	44	1647	1380503.798	10618914.47
20AN4F04	22.09.2020	2020	266	8	29	46	1649	1380508.627	10618913.27
20AN4F04	22.09.2020	2020	266	8	29	48	1650	1380513.436	10618912.05
20AN4F04	22.09.2020	2020	266	8	29	50	1652	1380518.25	10618910.77
20AN4F04	22.09.2020	2020	266	8	29	52	1654	1380523.073	10618909.52
20AN4F04	22.09.2020	2020	266	8	29	54	1655	1380527.883	10618908.38
20AN4F04	22.09.2020	2020	266	8	29	56	1657	1380532.699	10618907.19
20AN4F04	22.09.2020	2020	266	8	29	58	1658	1380537.526	10618905.96
20AN4F04	22.09.2020	2020	266	8	30	0	1660	1380542.345	10618904.75
20AN4F04	22.09.2020	2020	266	8	30	2	1662	1380547.16	10618903.61
20AN4F04	22.09.2020	2020	266	8	30	4	1663	1380551.985	10618902.44
20AN4F04	22.09.2020	2020	266	8	30	6	1665	1380556.807	10618901.25
20AN4F04	22.09.2020	2020	266	8	30	8	1666	1380561.625	10618900.04
20AN4F04	22.09.2020	2020	266	8	30	10	1668	1380566.446	10618898.84
20AN4F04	22.09.2020	2020	266	8	30	12	1670	1380571.284	10618897.65
20AN4F04	22.09.2020	2020	266	8	30	14	1671	1380576.112	10618896.43
20AN4F04	22.09.2020	2020	266	8	30	16	1673	1380580.938	10618895.16
20AN4F04	22.09.2020	2020	266	8	30	18	1674	1380585.763	10618893.89
20AN4F04	22.09.2020	2020	266	8	30	20	1676	1380590.61	10618892.66
20AN4F04	22.09.2020	2020	266	8	30	22	1678	1380595.459	10618891.4
20AN4F04	22.09.2020	2020	266	8	30	24	1679	1380600.286	10618890.12
20AN4F04	22.09.2020	2020	266	8	30	26	1681	1380605.114	10618888.83
20AN4F04	22.09.2020	2020	266	8	30	28	1682	1380609.967	10618887.56
20AN4F04	22.09.2020	2020	266	8	30	30	1684	1380614.809	10618886.32
20AN4F04	22.09.2020	2020	266	8	30	32	1686	1380619.636	10618885.06
20AN4F04	22.09.2020	2020	266	8	30	34	1687	1380624.478	10618883.78
20AN4F04	22.09.2020	2020	266	8	30	36	1689	1380629.321	10618882.55
20AN4F04	22.09.2020	2020	266	8	30	38	1690	1380634.157	10618881.37
20AN4F04	22.09.2020	2020	266	8	30	40	1692	1380639.021	10618880.11
20AN4F04	22.09.2020	2020	266	8	30	42	1694	1380643.902	10618878.85
20AN4F04	22.09.2020	2020	266	8	30	44	1695	1380648.771	10618877.66
20AN4F04	22.09.2020	2020	266	8	30	46	1697	1380653.659	10618876.46
