NAME	DATE	YEAR	DAY	HOUR	MINUTE	SECOND	CDP	SOU_X	SOU_Y
20AN4F04	22.09.2020	2020	266	8	18	52	1710	1378967.22	10619283.63
20AN4F04	22.09.2020	2020	266	8	18	54	1713	1378971.905	10619282.55
20AN4F04	22.09.2020	2020	266	8	18	56	1715	1378976.571	10619281.43
20AN4F04	22.09.2020	2020	266	8	18	58	1718	1378981.215	10619280.31
20AN4F04	22.09.2020	2020	266	8	19	0	1720	1378985.896	10619279.21
20AN4F04	22.09.2020	2020	266	8	19	2	1722	1378990.57	10619278.09
20AN4F04	22.09.2020	2020	266	8	19	4	1725	1378995.19	10619276.88
20AN4F04	22.09.2020	2020	266	8	19	6	1727	1378999.796	10619275.63
20AN4F04	22.09.2020	2020	266	8	19	8	1730	1379004.416	10619274.43
20AN4F04	22.09.2020	2020	266	8	19	10	1732	1379009.046	10619273.22
20AN4F04	22.09.2020	2020	266	8	19	12	1734	1379013.686	10619271.94
20AN4F04	22.09.2020	2020	266	8	19	14	1737	1379018.293	10619270.75
20AN4F04	22.09.2020	2020	266	8	19	16	1739	1379022.95	10619269.62
20AN4F04	22.09.2020	2020	266	8	19	18	1742	1379027.64	10619268.49
20AN4F04	22.09.2020	2020	266	8	19	20	1744	1379032.307	10619267.37
20AN4F04	22.09.2020	2020	266	8	19	22	1746	1379036.897	10619266.25
20AN4F04	22.09.2020	2020	266	8	19	24	1749	1379041.564	10619265.13
20AN4F04	22.09.2020	2020	266	8	19	26	1751	1379046.202	10619263.89
20AN4F04	22.09.2020	2020	266	8	19	28	1754	1379050.807	10619262.69
20AN4F04	22.09.2020	2020	266	8	19	30	1756	1379055.415	10619261.45
20AN4F04	22.09.2020	2020	266	8	19	32	1758	1379060.058	10619260.23
20AN4F04	22.09.2020	2020	266	8	19	34	1761	1379064.677	10619259.06
20AN4F04	22.09.2020	2020	266	8	19	36	1763	1379069.34	10619257.95
20AN4F04	22.09.2020	2020	266	8	19	38	1766	1379074.082	10619256.91
20AN4F04	22.09.2020	2020	266	8	19	40	1768	1379078.731	10619255.82
20AN4F04	22.09.2020	2020	266	8	19	42	1770	1379083.38	10619254.78
20AN4F04	22.09.2020	2020	266	8	19	44	1773	1379088.105	10619253.66
20AN4F04	22.09.2020	2020	266	8	19	46	1775	1379092.78	10619252.5
20AN4F04	22.09.2020	2020	266	8	19	48	1778	1379097.407	10619251.35
20AN4F04	22.09.2020	2020	266	8	19	50	1780	1379102.048	10619250.19
20AN4F04	22.09.2020	2020	266	8	19	52	1782	1379106.754	10619248.98
20AN4F04	22.09.2020	2020	266	8	19	54	1785	1379111.428	10619247.84
20AN4F04	22.09.2020	2020	266	8	19	56	1787	1379116.087	10619246.67
20AN4F04	22.09.2020	2020	266	8	19	58	1790	1379120.758	10619245.49
20AN4F04	22.09.2020	2020	266	8	20	0	1792	1379125.415	10619244.33
20AN4F04	22.09.2020	2020	266	8	20	2	1794	1379130.111	10619243.16
20AN4F04	22.09.2020	2020	266	8	20	4	1797	1379134.799	10619241.97
20AN4F04	22.09.2020	2020	266	8	20	6	1799	1379139.445	10619240.78
20AN4F04	22.09.2020	2020	266	8	20	8	1802	1379144.114	10619239.65
20AN4F04	22.09.2020	2020	266	8	20	10	1804	1379148.807	10619238.46
20AN4F04	22.09.2020	2020	266	8	20	12	1806	1379153.497	10619237.32
20AN4F04	22.09.2020	2020	266	8	20	14	1809	1379158.111	10619236.09
20AN4F04	22.09.2020	2020	266	8	20	16	1811	1379162.782	10619234.91
20AN4F04	22.09.2020	2020	266	8	20	18	1814	1379167.482	10619233.75
20AN4F04	22.09.2020	2020	266	8	20	20	1816	1379172.165	10619232.56
20AN4F04	22.09.2020	2020	266	8	20	22	1818	1379176.815	10619231.36
20AN4F04	22.09.2020	2020	266	8	20	24	1821	1379181.539	10619230.22
20AN4F04	22.09.2020	2020	266	8	20	26	1823	1379186.21	10619229.1
20AN4F04	22.09.2020	2020	266	8	20	28	1826	1379190.889	10619227.89
20AN4F04	22.09.2020	2020	266	8	20	30	1828	1379195.548	10619226.71
20AN4F04	22.09.2020	2020	266	8	20	32	1831	1379200.241	10619225.54
20AN4F04	22.09.2020	2020	266	8	20	34	1833	1379204.977	10619224.36
20AN4F04	22.09.2020	2020	266	8	20	36	1835	1379209.668	10619223.12
20AN4F04	22.09.2020	2020	266	8	20	38	1838	1379214.315	10619221.96
20AN4F04	22.09.2020	2020	266	8	20	40	1840	1379219.016	10619220.79
20AN4F04	22.09.2020	2020	266	8	20	42	1843	1379223.73	10619219.56
20AN4F04	22.09.2020	2020	266	8	20	44	1845	1379228.357	10619218.35
20AN4F04	22.09.2020	2020	266	8	20	46	1847	1379232.988	10619217.17
20AN4F04	22.09.2020	2020	266	8	20	48	1850	1379237.69	10619215.94
20AN4F04	22.09.2020	2020	266	8	20	50	1852	1379242.365	10619214.69
20AN4F04	22.09.2020	2020	266	8	20	52	1855	1379246.966	10619213.39
20AN4F04	22.09.2020	2020	266	8	20	54	1857	1379251.594	10619212.14
20AN4F04	22.09.2020	2020	266	8	20	56	1859	1379256.255	10619210.87
20AN4F04	22.09.2020	2020	266	8	20	58	1862	1379260.917	10619209.61
20AN4F04	22.09.2020	2020	266	8	21	0	1864	1379265.555	10619208.32
20AN4F04	22.09.2020	2020	266	8	21	2	1867	1379270.205	10619207.12
20AN4F04	22.09.2020	2020	266	8	21	4	1869	1379274.878	10619205.96
20AN4F04	22.09.2020	2020	266	8	21	6	1872	1379279.565	10619204.76
20AN4F04	22.09.2020	2020	266	8	21	8	1874	1379284.224	10619203.53
20AN4F04	22.09.2020	2020	266	8	21	10	1876	1379288.879	10619202.39
20AN4F04	22.09.2020	2020	266	8	21	12	1879	1379293.537	10619201.24
20AN4F04	22.09.2020	2020	266	8	21	14	1881	1379298.255	10619200.04
20AN4F04	22.09.2020	2020	266	8	21	16	1884	1379302.959	10619198.85
20AN4F04	22.09.2020	2020	266	8	21	18	1886	1379307.612	10619197.66
20AN4F04	22.09.2020	2020	266	8	21	20	1888	1379312.305	10619196.5
20AN4F04	22.09.2020	2020	266	8	21	22	1891	1379317.033	10619195.3
20AN4F04	22.09.2020	2020	266	8	21	24	1893	1379321.745	10619194.09
20AN4F04	22.09.2020	2020	266	8	21	26	1896	1379326.365	10619192.88
20AN4F04	22.09.2020	2020	266	8	21	28	1898	1379331.043	10619191.67
20AN4F04	22.09.2020	2020	266	8	21	30	1901	1379335.744	10619190.42
20AN4F04	22.09.2020	2020	266	8	21	32	1903	1379340.395	10619189.11
20AN4F04	22.09.2020	2020	266	8	21	34	1905	1379344.99	10619187.82
20AN4F04	22.09.2020	2020	266	8	21	36	1908	1379349.608	10619186.49
20AN4F04	22.09.2020	2020	266	8	21	38	1910	1379354.261	10619185.18
20AN4F04	22.09.2020	2020	266	8	21	40	1913	1379358.854	10619183.77
20AN4F04	22.09.2020	2020	266	8	21	42	1915	1379363.421	10619182.35
20AN4F04	22.09.2020	2020	266	8	21	44	1917	1379368.04	10619181.03
20AN4F04	22.09.2020	2020	266	8	21	46	1920	1379372.675	10619179.73
20AN4F04	22.09.2020	2020	266	8	21	48	1922	1379377.354	10619178.41
20AN4F04	22.09.2020	2020	266	8	21	50	1925	1379382.025	10619177.15
20AN4F04	22.09.2020	2020	266	8	21	52	1927	1379386.719	10619176.01
20AN4F04	22.09.2020	2020	266	8	21	54	1929	1379391.46	10619174.87
20AN4F04	22.09.2020	2020	266	8	21	56	1932	1379396.176	10619173.71
20AN4F04	22.09.2020	2020	266	8	21	58	1934	1379400.852	10619172.56
20AN4F04	22.09.2020	2020	266	8	22	0	1937	1379405.532	10619171.42
20AN4F04	22.09.2020	2020	266	8	22	2	1939	1379410.261	10619170.29
20AN4F04	22.09.2020	2020	266	8	22	4	1942	1379414.938	10619169.14
20AN4F04	22.09.2020	2020	266	8	22	6	1944	1379419.604	10619167.94
20AN4F04	22.09.2020	2020	266	8	22	8	1946	1379424.29	10619166.72
20AN4F04	22.09.2020	2020	266	8	22	10	1949	1379428.968	10619165.47
20AN4F04	22.09.2020	2020	266	8	22	12	1951	1379433.595	10619164.17
20AN4F04	22.09.2020	2020	266	8	22	14	1954	1379438.24	10619162.9
20AN4F04	22.09.2020	2020	266	8	22	16	1956	1379442.915	10619161.61
20AN4F04	22.09.2020	2020	266	8	22	18	1958	1379447.557	10619160.42
20AN4F04	22.09.2020	2020	266	8	22	20	1961	1379452.225	10619159.16
20AN4F04	22.09.2020	2020	266	8	22	22	1963	1379456.925	10619157.99
20AN4F04	22.09.2020	2020	266	8	22	24	1966	1379461.645	10619156.83
20AN4F04	22.09.2020	2020	266	8	22	26	1968	1379466.35	10619155.68
20AN4F04	22.09.2020	2020	266	8	22	28	1971	1379471.08	10619154.49
20AN4F04	22.09.2020	2020	266	8	22	30	1973	1379475.87	10619153.42
20AN4F04	22.09.2020	2020	266	8	22	32	1975	1379480.593	10619152.25
20AN4F04	22.09.2020	2020	266	8	22	34	1978	1379485.258	10619151.07
20AN4F04	22.09.2020	2020	266	8	22	36	1980	1379489.976	10619149.91
20AN4F04	22.09.2020	2020	266	8	22	38	1983	1379494.723	10619148.78
20AN4F04	22.09.2020	2020	266	8	22	40	1985	1379499.434	10619147.59
20AN4F04	22.09.2020	2020	266	8	22	42	1988	1379504.095	10619146.39
20AN4F04	22.09.2020	2020	266	8	22	44	1990	1379508.835	10619145.25
20AN4F04	22.09.2020	2020	266	8	22	46	1992	1379513.569	10619144.08
20AN4F04	22.09.2020	2020	266	8	22	48	1995	1379518.308	10619142.84
20AN4F04	22.09.2020	2020	266	8	22	50	1997	1379523.018	10619141.62
20AN4F04	22.09.2020	2020	266	8	22	52	2000	1379527.729	10619140.37
20AN4F04	22.09.2020	2020	266	8	22	54	2002	1379532.42	10619139.15
20AN4F04	22.09.2020	2020	266	8	22	56	2005	1379537.169	10619137.87
20AN4F04	22.09.2020	2020	266	8	22	58	2007	1379541.885	10619136.65
20AN4F04	22.09.2020	2020	266	8	23	0	2009	1379546.568	10619135.37
20AN4F04	22.09.2020	2020	266	8	23	2	2012	1379551.251	10619134.13
20AN4F04	22.09.2020	2020	266	8	23	4	2014	1379555.987	10619132.89
20AN4F04	22.09.2020	2020	266	8	23	6	2017	1379560.732	10619131.69
20AN4F04	22.09.2020	2020	266	8	23	8	2019	1379565.376	10619130.44
20AN4F04	22.09.2020	2020	266	8	23	10	2022	1379570.095	10619129.21
20AN4F04	22.09.2020	2020	266	8	23	12	2024	1379574.843	10619128.06
20AN4F04	22.09.2020	2020	266	8	23	14	2027	1379579.605	10619126.85
20AN4F04	22.09.2020	2020	266	8	23	16	2029	1379584.337	10619125.56
20AN4F04	22.09.2020	2020	266	8	23	18	2031	1379589.115	10619124.34
20AN4F04	22.09.2020	2020	266	8	23	20	2034	1379593.834	10619123.22
20AN4F04	22.09.2020	2020	266	8	23	22	2036	1379598.575	10619121.98
20AN4F04	22.09.2020	2020	266	8	23	24	2039	1379603.325	10619120.71
20AN4F04	22.09.2020	2020	266	8	23	26	2041	1379608.049	10619119.55
20AN4F04	22.09.2020	2020	266	8	23	28	2044	1379612.781	10619118.41
20AN4F04	22.09.2020	2020	266	8	23	30	2046	1379617.481	10619117.08
20AN4F04	22.09.2020	2020	266	8	23	32	2049	1379622.213	10619115.75
20AN4F04	22.09.2020	2020	266	8	23	34	2051	1379626.937	10619114.47
20AN4F04	22.09.2020	2020	266	8	23	36	2053	1379631.604	10619113.15
20AN4F04	22.09.2020	2020	266	8	23	38	2056	1379636.281	10619111.75
20AN4F04	22.09.2020	2020	266	8	23	40	2058	1379640.978	10619110.41
20AN4F04	22.09.2020	2020	266	8	23	42	2061	1379645.695	10619109.1
20AN4F04	22.09.2020	2020	266	8	23	44	2063	1379650.345	10619107.75
20AN4F04	22.09.2020	2020	266	8	23	46	2066	1379655.076	10619106.44
20AN4F04	22.09.2020	2020	266	8	23	48	2068	1379659.784	10619105.09
20AN4F04	22.09.2020	2020	266	8	23	50	2071	1379664.465	10619103.74
20AN4F04	22.09.2020	2020	266	8	23	52	2073	1379669.183	10619102.37
20AN4F04	22.09.2020	2020	266	8	23	54	2075	1379673.935	10619101.11
20AN4F04	22.09.2020	2020	266	8	23	56	2078	1379678.668	10619099.83
20AN4F04	22.09.2020	2020	266	8	23	58	2080	1379683.392	10619098.6
20AN4F04	22.09.2020	2020	266	8	24	0	2083	1379688.184	10619097.45
20AN4F04	22.09.2020	2020	266	8	24	2	2085	1379692.965	10619096.36
20AN4F04	22.09.2020	2020	266	8	24	4	2088	1379697.7	10619095.24
20AN4F04	22.09.2020	2020	266	8	24	6	2090	1379702.449	10619094.12
20AN4F04	22.09.2020	2020	266	8	24	8	2093	1379707.207	10619093
20AN4F04	22.09.2020	2020	266	8	24	10	2095	1379711.959	10619091.87
20AN4F04	22.09.2020	2020	266	8	24	12	2097	1379716.685	10619090.74
20AN4F04	22.09.2020	2020	266	8	24	14	2100	1379721.41	10619089.56
20AN4F04	22.09.2020	2020	266	8	24	16	2102	1379726.168	10619088.43
20AN4F04	22.09.2020	2020	266	8	24	18	2105	1379730.907	10619087.35
20AN4F04	22.09.2020	2020	266	8	24	20	2107	1379735.651	10619086.28
20AN4F04	22.09.2020	2020	266	8	24	22	2110	1379740.411	10619085.14
20AN4F04	22.09.2020	2020	266	8	24	24	2112	1379745.203	10619084.07
20AN4F04	22.09.2020	2020	266	8	24	26	2115	1379749.955	10619083.03
20AN4F04	22.09.2020	2020	266	8	24	28	2117	1379754.707	10619081.98
20AN4F04	22.09.2020	2020	266	8	24	30	2119	1379759.461	10619080.82
20AN4F04	22.09.2020	2020	266	8	24	32	2122	1379764.273	10619079.71
20AN4F04	22.09.2020	2020	266	8	24	34	2124	1379769	10619078.65
20AN4F04	22.09.2020	2020	266	8	24	36	2127	1379773.788	10619077.59
20AN4F04	22.09.2020	2020	266	8	24	38	2129	1379778.625	10619076.51
20AN4F04	22.09.2020	2020	266	8	24	40	2132	1379783.436	10619075.49
20AN4F04	22.09.2020	2020	266	8	24	42	2134	1379788.2	10619074.5
20AN4F04	22.09.2020	2020	266	8	24	44	2137	1379793.008	10619073.52
20AN4F04	22.09.2020	2020	266	8	24	46	2139	1379797.829	10619072.55
20AN4F04	22.09.2020	2020	266	8	24	48	2141	1379802.578	10619071.55
20AN4F04	22.09.2020	2020	266	8	24	50	2144	1379807.351	10619070.53
20AN4F04	22.09.2020	2020	266	8	24	52	2146	1379812.166	10619069.52
20AN4F04	22.09.2020	2020	266	8	24	54	2149	1379816.959	10619068.48
20AN4F04	22.09.2020	2020	266	8	24	56	2151	1379821.692	10619067.36
20AN4F04	22.09.2020	2020	266	8	24	58	2154	1379826.482	10619066.25
20AN4F04	22.09.2020	2020	266	8	25	0	2156	1379831.257	10619065.13
20AN4F04	22.09.2020	2020	266	8	25	2	2159	1379836.017	10619063.96
20AN4F04	22.09.2020	2020	266	8	25	4	2161	1379840.781	10619062.82
20AN4F04	22.09.2020	2020	266	8	25	6	2163	1379845.542	10619061.71
20AN4F04	22.09.2020	2020	266	8	25	8	2166	1379850.331	10619060.61
20AN4F04	22.09.2020	2020	266	8	25	10	2168	1379855.131	10619059.5
20AN4F04	22.09.2020	2020	266	8	25	12	2171	1379859.876	10619058.43
20AN4F04	22.09.2020	2020	266	8	25	14	2173	1379864.659	10619057.33
20AN4F04	22.09.2020	2020	266	8	25	16	2176	1379869.478	10619056.27
20AN4F04	22.09.2020	2020	266	8	25	18	2178	1379874.221	10619055.18
20AN4F04	22.09.2020	2020	266	8	25	20	2181	1379879.005	10619054.1
20AN4F04	22.09.2020	2020	266	8	25	22	2183	1379883.81	10619053.02
20AN4F04	22.09.2020	2020	266	8	25	24	2186	1379888.622	10619051.99
20AN4F04	22.09.2020	2020	266	8	25	26	2188	1379893.385	10619050.93
20AN4F04	22.09.2020	2020	266	8	25	28	2190	1379898.24	10619049.82
20AN4F04	22.09.2020	2020	266	8	25	30	2193	1379903.05	10619048.77
20AN4F04	22.09.2020	2020	266	8	25	32	2195	1379907.832	10619047.7
20AN4F04	22.09.2020	2020	266	8	25	34	2198	1379912.615	10619046.6
20AN4F04	22.09.2020	2020	266	8	25	36	2200	1379917.409	10619045.45
20AN4F04	22.09.2020	2020	266	8	25	38	2203	1379922.217	10619044.33
20AN4F04	22.09.2020	2020	266	8	25	40	2205	1379927.005	10619043.2
20AN4F04	22.09.2020	2020	266	8	25	42	2208	1379931.772	10619042.06
20AN4F04	22.09.2020	2020	266	8	25	44	2210	1379936.564	10619040.92
20AN4F04	22.09.2020	2020	266	8	25	46	2213	1379941.375	10619039.78
20AN4F04	22.09.2020	2020	266	8	25	48	2215	1379946.185	10619038.66
20AN4F04	22.09.2020	2020	266	8	25	50	2218	1379950.949	10619037.49
20AN4F04	22.09.2020	2020	266	8	25	52	2220	1379955.723	10619036.34
20AN4F04	22.09.2020	2020	266	8	25	54	2222	1379960.504	10619035.15
20AN4F04	22.09.2020	2020	266	8	25	56	2225	1379965.311	10619033.99
20AN4F04	22.09.2020	2020	266	8	25	58	2227	1379970.079	10619032.84
20AN4F04	22.09.2020	2020	266	8	26	0	2230	1379974.789	10619031.6
20AN4F04	22.09.2020	2020	266	8	26	2	2232	1379979.553	10619030.44
20AN4F04	22.09.2020	2020	266	8	26	4	2235	1379984.365	10619029.25
20AN4F04	22.09.2020	2020	266	8	26	6	2237	1379989.167	10619028.02
20AN4F04	22.09.2020	2020	266	8	26	8	2240	1379993.876	10619026.75
20AN4F04	22.09.2020	2020	266	8	26	10	2242	1379998.677	10619025.62
20AN4F04	22.09.2020	2020	266	8	26	12	2245	1380003.511	10619024.45
20AN4F04	22.09.2020	2020	266	8	26	14	2247	1380008.318	10619023.27
20AN4F04	22.09.2020	2020	266	8	26	16	2250	1380013.071	10619022.11
20AN4F04	22.09.2020	2020	266	8	26	18	2252	1380017.893	10619021.02
20AN4F04	22.09.2020	2020	266	8	26	20	2254	1380022.707	10619019.91
20AN4F04	22.09.2020	2020	266	8	26	22	2257	1380027.519	10619018.76
20AN4F04	22.09.2020	2020	266	8	26	24	2259	1380032.307	10619017.59
20AN4F04	22.09.2020	2020	266	8	26	26	2262	1380037.135	10619016.51
20AN4F04	22.09.2020	2020	266	8	26	28	2264	1380041.949	10619015.41
20AN4F04	22.09.2020	2020	266	8	26	30	2267	1380046.743	10619014.26
20AN4F04	22.09.2020	2020	266	8	26	32	2269	1380051.546	10619013.1
20AN4F04	22.09.2020	2020	266	8	26	34	2272	1380056.366	10619012.04
20AN4F04	22.09.2020	2020	266	8	26	36	2274	1380061.183	10619010.91
20AN4F04	22.09.2020	2020	266	8	26	38	2277	1380065.958	10619009.7
20AN4F04	22.09.2020	2020	266	8	26	40	2279	1380070.749	10619008.52
20AN4F04	22.09.2020	2020	266	8	26	42	2282	1380075.594	10619007.37
20AN4F04	22.09.2020	2020	266	8	26	44	2284	1380080.378	10619006.15
20AN4F04	22.09.2020	2020	266	8	26	46	2287	1380085.183	10619004.93
20AN4F04	22.09.2020	2020	266	8	26	48	2289	1380089.896	10619003.72
20AN4F04	22.09.2020	2020	266	8	26	50	2292	1380094.695	10619002.51
20AN4F04	22.09.2020	2020	266	8	26	52	2294	1380099.488	10619001.26
20AN4F04	22.09.2020	2020	266	8	26	54	2296	1380104.226	10618999.95
20AN4F04	22.09.2020	2020	266	8	26	56	2299	1380108.955	10618998.63
20AN4F04	22.09.2020	2020	266	8	26	58	2301	1380113.764	10618997.33
20AN4F04	22.09.2020	2020	266	8	27	0	2304	1380118.566	10618996.07
20AN4F04	22.09.2020	2020	266	8	27	2	2306	1380123.337	10618994.75
20AN4F04	22.09.2020	2020	266	8	27	4	2309	1380128.113	10618993.54
20AN4F04	22.09.2020	2020	266	8	27	6	2311	1380132.925	10618992.37
20AN4F04	22.09.2020	2020	266	8	27	8	2314	1380137.756	10618991.23
20AN4F04	22.09.2020	2020	266	8	27	10	2316	1380142.553	10618990.05
20AN4F04	22.09.2020	2020	266	8	27	12	2319	1380147.356	10618988.93
20AN4F04	22.09.2020	2020	266	8	27	14	2321	1380152.165	10618987.83
20AN4F04	22.09.2020	2020	266	8	27	16	2324	1380157.017	10618986.73
20AN4F04	22.09.2020	2020	266	8	27	18	2326	1380161.831	10618985.64
20AN4F04	22.09.2020	2020	266	8	27	20	2329	1380166.655	10618984.48
20AN4F04	22.09.2020	2020	266	8	27	22	2331	1380171.525	10618983.39
20AN4F04	22.09.2020	2020	266	8	27	24	2334	1380176.345	10618982.29
20AN4F04	22.09.2020	2020	266	8	27	26	2336	1380181.124	10618981.11
20AN4F04	22.09.2020	2020	266	8	27	28	2339	1380185.972	10618979.95
20AN4F04	22.09.2020	2020	266	8	27	30	2341	1380190.819	10618978.82
20AN4F04	22.09.2020	2020	266	8	27	32	2343	1380195.579	10618977.65
20AN4F04	22.09.2020	2020	266	8	27	34	2346	1380200.372	10618976.47
20AN4F04	22.09.2020	2020	266	8	27	36	2348	1380205.199	10618975.26
20AN4F04	22.09.2020	2020	266	8	27	38	2351	1380210.013	10618974.05
20AN4F04	22.09.2020	2020	266	8	27	40	2353	1380214.782	10618972.83
20AN4F04	22.09.2020	2020	266	8	27	42	2356	1380219.589	10618971.6
20AN4F04	22.09.2020	2020	266	8	27	44	2358	1380224.413	10618970.38
20AN4F04	22.09.2020	2020	266	8	27	46	2361	1380229.226	10618969.17
20AN4F04	22.09.2020	2020	266	8	27	48	2363	1380234.007	10618968
20AN4F04	22.09.2020	2020	266	8	27	50	2366	1380238.822	10618966.83
20AN4F04	22.09.2020	2020	266	8	27	52	2368	1380243.641	10618965.67
20AN4F04	22.09.2020	2020	266	8	27	54	2371	1380248.439	10618964.48
20AN4F04	22.09.2020	2020	266	8	27	56	2373	1380253.263	10618963.29
20AN4F04	22.09.2020	2020	266	8	27	58	2376	1380258.083	10618962.09
20AN4F04	22.09.2020	2020	266	8	28	0	2378	1380262.896	10618960.94
20AN4F04	22.09.2020	2020	266	8	28	2	2381	1380267.731	10618959.75
20AN4F04	22.09.2020	2020	266	8	28	4	2383	1380272.574	10618958.56
20AN4F04	22.09.2020	2020	266	8	28	6	2386	1380277.402	10618957.41
20AN4F04	22.09.2020	2020	266	8	28	8	2388	1380282.297	10618956.28
20AN4F04	22.09.2020	2020	266	8	28	10	2391	1380287.14	10618955.11
20AN4F04	22.09.2020	2020	266	8	28	12	2393	1380291.945	10618953.92
20AN4F04	22.09.2020	2020	266	8	28	14	2396	1380296.756	10618952.78
20AN4F04	22.09.2020	2020	266	8	28	16	2398	1380301.583	10618951.64
20AN4F04	22.09.2020	2020	266	8	28	18	2401	1380306.414	10618950.42
20AN4F04	22.09.2020	2020	266	8	28	20	2403	1380311.141	10618949.18
20AN4F04	22.09.2020	2020	266	8	28	22	2405	1380315.925	10618947.96
20AN4F04	22.09.2020	2020	266	8	28	24	2408	1380320.763	10618946.67
20AN4F04	22.09.2020	2020	266	8	28	26	2410	1380325.538	10618945.33
20AN4F04	22.09.2020	2020	266	8	28	28	2413	1380330.273	10618943.94
20AN4F04	22.09.2020	2020	266	8	28	30	2415	1380335.091	10618942.62
20AN4F04	22.09.2020	2020	266	8	28	32	2418	1380339.893	10618941.33
20AN4F04	22.09.2020	2020	266	8	28	34	2420	1380344.653	10618940.02
20AN4F04	22.09.2020	2020	266	8	28	36	2423	1380349.405	10618938.74
20AN4F04	22.09.2020	2020	266	8	28	38	2425	1380354.223	10618937.54
20AN4F04	22.09.2020	2020	266	8	28	40	2428	1380359.039	10618936.37
20AN4F04	22.09.2020	2020	266	8	28	42	2430	1380363.857	10618935.12
20AN4F04	22.09.2020	2020	266	8	28	44	2433	1380368.65	10618933.82
20AN4F04	22.09.2020	2020	266	8	28	46	2435	1380373.469	10618932.65
20AN4F04	22.09.2020	2020	266	8	28	48	2438	1380378.265	10618931.37
20AN4F04	22.09.2020	2020	266	8	28	50	2440	1380383.067	10618930.07
20AN4F04	22.09.2020	2020	266	8	28	52	2443	1380387.875	10618928.82
20AN4F04	22.09.2020	2020	266	8	28	54	2445	1380392.67	10618927.65
20AN4F04	22.09.2020	2020	266	8	28	56	2448	1380397.475	10618926.45
20AN4F04	22.09.2020	2020	266	8	28	58	2450	1380402.321	10618925.26
20AN4F04	22.09.2020	2020	266	8	29	0	2453	1380407.173	10618924.13
20AN4F04	22.09.2020	2020	266	8	29	2	2455	1380411.959	10618922.96
20AN4F04	22.09.2020	2020	266	8	29	4	2458	1380416.793	10618921.77
20AN4F04	22.09.2020	2020	266	8	29	6	2460	1380421.662	10618920.57
20AN4F04	22.09.2020	2020	266	8	29	8	2463	1380426.479	10618919.37
20AN4F04	22.09.2020	2020	266	8	29	10	2465	1380431.275	10618918.15
20AN4F04	22.09.2020	2020	266	8	29	12	2468	1380436.131	10618916.97
20AN4F04	22.09.2020	2020	266	8	29	14	2470	1380440.982	10618915.76
20AN4F04	22.09.2020	2020	266	8	29	16	2473	1380445.774	10618914.54
20AN4F04	22.09.2020	2020	266	8	29	18	2475	1380450.592	10618913.36
20AN4F04	22.09.2020	2020	266	8	29	20	2477	1380455.45	10618912.21
20AN4F04	22.09.2020	2020	266	8	29	22	2480	1380460.284	10618911.04
20AN4F04	22.09.2020	2020	266	8	29	24	2482	1380465.098	10618909.86
20AN4F04	22.09.2020	2020	266	8	29	26	2485	1380469.923	10618908.69
20AN4F04	22.09.2020	2020	266	8	29	28	2487	1380474.762	10618907.54
20AN4F04	22.09.2020	2020	266	8	29	30	2490	1380479.595	10618906.34
20AN4F04	22.09.2020	2020	266	8	29	32	2492	1380484.414	10618905.1
20AN4F04	22.09.2020	2020	266	8	29	34	2495	1380489.212	10618903.85
20AN4F04	22.09.2020	2020	266	8	29	36	2497	1380494.01	10618902.62
20AN4F04	22.09.2020	2020	266	8	29	38	2500	1380498.824	10618901.37
20AN4F04	22.09.2020	2020	266	8	29	40	2502	1380503.596	10618900.05
20AN4F04	22.09.2020	2020	266	8	29	42	2505	1380508.35	10618898.75
20AN4F04	22.09.2020	2020	266	8	29	44	2507	1380513.115	10618897.44
20AN4F04	22.09.2020	2020	266	8	29	46	2510	1380517.925	10618896.17
20AN4F04	22.09.2020	2020	266	8	29	48	2512	1380522.711	10618894.84
20AN4F04	22.09.2020	2020	266	8	29	50	2515	1380527.505	10618893.55
20AN4F04	22.09.2020	2020	266	8	29	52	2517	1380532.328	10618892.35
20AN4F04	22.09.2020	2020	266	8	29	54	2520	1380537.189	10618891.17
20AN4F04	22.09.2020	2020	266	8	29	56	2522	1380542.051	10618890
20AN4F04	22.09.2020	2020	266	8	29	58	2525	1380546.917	10618888.81
20AN4F04	22.09.2020	2020	266	8	30	0	2527	1380551.732	10618887.64
20AN4F04	22.09.2020	2020	266	8	30	2	2530	1380556.595	10618886.51
20AN4F04	22.09.2020	2020	266	8	30	4	2532	1380561.511	10618885.35
20AN4F04	22.09.2020	2020	266	8	30	6	2535	1380566.338	10618884.16
20AN4F04	22.09.2020	2020	266	8	30	8	2537	1380571.113	10618882.98
20AN4F04	22.09.2020	2020	266	8	30	10	2540	1380575.945	10618881.84
20AN4F04	22.09.2020	2020	266	8	30	12	2542	1380580.819	10618880.68
20AN4F04	22.09.2020	2020	266	8	30	14	2545	1380585.593	10618879.46
20AN4F04	22.09.2020	2020	266	8	30	16	2547	1380590.349	10618878.21
20AN4F04	22.09.2020	2020	266	8	30	18	2550	1380595.193	10618876.94
20AN4F04	22.09.2020	2020	266	8	30	20	2552	1380600.01	10618875.69
20AN4F04	22.09.2020	2020	266	8	30	22	2555	1380604.799	10618874.34
20AN4F04	22.09.2020	2020	266	8	30	24	2557	1380609.64	10618873.03
20AN4F04	22.09.2020	2020	266	8	30	26	2560	1380614.465	10618871.81
20AN4F04	22.09.2020	2020	266	8	30	28	2562	1380619.257	10618870.56
20AN4F04	22.09.2020	2020	266	8	30	30	2565	1380624.115	10618869.28
20AN4F04	22.09.2020	2020	266	8	30	32	2567	1380628.998	10618868.04
20AN4F04	22.09.2020	2020	266	8	30	34	2570	1380633.791	10618866.81
20AN4F04	22.09.2020	2020	266	8	30	36	2572	1380638.582	10618865.58
20AN4F04	22.09.2020	2020	266	8	30	38	2575	1380643.477	10618864.31
20AN4F04	22.09.2020	2020	266	8	30	40	2577	1380648.365	10618863.11
20AN4F04	22.09.2020	2020	266	8	30	42	2580	1380653.18	10618861.9
20AN4F04	22.09.2020	2020	266	8	30	44	2582	1380658.073	10618860.69
20AN4F04	22.09.2020	2020	266	8	30	46	2585	1380662.95	10618859.5
20AN4F04	22.09.2020	2020	266	8	30	48	2587	1380667.683	10618858.23
