NAME	DATE	YEAR	DAY	HOUR	MINUTE	SECOND	CDP	SOU_X	SOU_Y
20AN2F01	28.09.2020	2020	272	2	0	19	9	959754.9033	10721143.08
20AN2F01	28.09.2020	2020	272	2	0	21	11	959755.332	10721139.56
20AN2F01	28.09.2020	2020	272	2	0	23	12	959755.6529	10721135.94
20AN2F01	28.09.2020	2020	272	2	0	25	14	959756.0255	10721132.26
20AN2F01	28.09.2020	2020	272	2	0	27	16	959756.3673	10721128.65
20AN2F01	28.09.2020	2020	272	2	0	29	18	959756.7782	10721125.04
20AN2F01	28.09.2020	2020	272	2	0	31	20	959757.2136	10721121.36
20AN2F01	28.09.2020	2020	272	2	0	33	22	959757.5755	10721117.69
20AN2F01	28.09.2020	2020	272	2	0	35	23	959758.0173	10721114.06
20AN2F01	28.09.2020	2020	272	2	0	37	25	959758.4491	10721110.35
20AN2F01	28.09.2020	2020	272	2	0	39	27	959758.8873	10721106.63
20AN2F01	28.09.2020	2020	272	2	0	41	29	959759.3136	10721102.92
20AN2F01	28.09.2020	2020	272	2	0	43	31	959759.7064	10721099.25
20AN2F01	28.09.2020	2020	272	2	0	45	33	959760.1046	10721095.61
20AN2F01	28.09.2020	2020	272	2	0	47	35	959760.5118	10721091.96
20AN2F01	28.09.2020	2020	272	2	0	49	36	959760.8646	10721088.39
20AN2F01	28.09.2020	2020	272	2	0	51	38	959761.1809	10721084.76
20AN2F01	28.09.2020	2020	272	2	0	53	40	959761.4936	10721081.14
20AN2F01	28.09.2020	2020	272	2	0	55	42	959761.7809	10721077.47
20AN2F01	28.09.2020	2020	272	2	0	57	44	959761.9873	10721073.77
20AN2F01	28.09.2020	2020	272	2	0	59	46	959762.1427	10721070.13
20AN2F01	28.09.2020	2020	272	2	1	1	47	959762.2282	10721066.41
20AN2F01	28.09.2020	2020	272	2	1	3	49	959762.27	10721062.68
20AN2F01	28.09.2020	2020	272	2	1	5	51	959762.2964	10721058.95
20AN2F01	28.09.2020	2020	272	2	1	7	53	959762.2591	10721055.17
20AN2F01	28.09.2020	2020	272	2	1	9	55	959762.1809	10721051.45
20AN2F01	28.09.2020	2020	272	2	1	11	57	959762.0855	10721047.62
20AN2F01	28.09.2020	2020	272	2	1	13	59	959761.95	10721043.94
20AN2F01	28.09.2020	2020	272	2	1	15	61	959761.8018	10721040.19
20AN2F01	28.09.2020	2020	272	2	1	17	62	959761.6573	10721036.48
20AN2F01	28.09.2020	2020	272	2	1	19	64	959761.5346	10721032.73
20AN2F01	28.09.2020	2020	272	2	1	21	66	959761.4155	10721029.03
20AN2F01	28.09.2020	2020	272	2	1	23	68	959761.31	10721025.33
20AN2F01	28.09.2020	2020	272	2	1	25	70	959761.2818	10721021.62
20AN2F01	28.09.2020	2020	272	2	1	27	72	959761.2618	10721018
20AN2F01	28.09.2020	2020	272	2	1	29	73	959761.2173	10721014.33
20AN2F01	28.09.2020	2020	272	2	1	31	75	959761.19	10721010.72
20AN2F01	28.09.2020	2020	272	2	1	33	77	959761.1991	10721007.18
20AN2F01	28.09.2020	2020	272	2	1	35	79	959761.2118	10721003.58
20AN2F01	28.09.2020	2020	272	2	1	37	81	959761.31	10721000.02
20AN2F01	28.09.2020	2020	272	2	1	39	82	959761.4527	10720996.46
20AN2F01	28.09.2020	2020	272	2	1	41	84	959761.6964	10720992.81
20AN2F01	28.09.2020	2020	272	2	1	43	86	959761.9509	10720989.15
20AN2F01	28.09.2020	2020	272	2	1	45	88	959762.2836	10720985.54
20AN2F01	28.09.2020	2020	272	2	1	47	90	959762.8109	10720981.9
20AN2F01	28.09.2020	2020	272	2	1	49	92	959763.3973	10720978.22
20AN2F01	28.09.2020	2020	272	2	1	51	93	959764.0309	10720974.57
20AN2F01	28.09.2020	2020	272	2	1	53	95	959764.8118	10720970.97
20AN2F01	28.09.2020	2020	272	2	1	55	97	959765.6882	10720967.35
20AN2F01	28.09.2020	2020	272	2	1	57	99	959766.5627	10720963.65
20AN2F01	28.09.2020	2020	272	2	1	59	101	959767.4146	10720960.04
20AN2F01	28.09.2020	2020	272	2	2	1	103	959768.3036	10720956.4
20AN2F01	28.09.2020	2020	272	2	2	3	105	959769.0764	10720952.73
20AN2F01	28.09.2020	2020	272	2	2	5	106	959769.8982	10720949.08
20AN2F01	28.09.2020	2020	272	2	2	7	108	959770.7355	10720945.42
20AN2F01	28.09.2020	2020	272	2	2	9	110	959771.5264	10720941.73
20AN2F01	28.09.2020	2020	272	2	2	11	112	959772.3155	10720938.04
20AN2F01	28.09.2020	2020	272	2	2	13	114	959773.1891	10720934.37
20AN2F01	28.09.2020	2020	272	2	2	15	116	959773.9627	10720930.66
20AN2F01	28.09.2020	2020	272	2	2	17	118	959774.7446	10720926.88
20AN2F01	28.09.2020	2020	272	2	2	19	120	959775.4873	10720923.07
20AN2F01	28.09.2020	2020	272	2	2	21	122	959776.2636	10720919.23
20AN2F01	28.09.2020	2020	272	2	2	23	124	959776.8436	10720915.38
20AN2F01	28.09.2020	2020	272	2	2	25	126	959777.4555	10720911.47
20AN2F01	28.09.2020	2020	272	2	2	27	128	959778.0164	10720907.55
20AN2F01	28.09.2020	2020	272	2	2	29	130	959778.4664	10720903.68
20AN2F01	28.09.2020	2020	272	2	2	31	132	959778.9218	10720899.65
20AN2F01	28.09.2020	2020	272	2	2	33	134	959779.2818	10720895.66
20AN2F01	28.09.2020	2020	272	2	2	35	136	959779.6518	10720891.62
20AN2F01	28.09.2020	2020	272	2	2	37	138	959779.9036	10720887.51
20AN2F01	28.09.2020	2020	272	2	2	39	140	959780.1764	10720883.33
20AN2F01	28.09.2020	2020	272	2	2	41	142	959780.3736	10720879.07
20AN2F01	28.09.2020	2020	272	2	2	43	144	959780.5318	10720874.85
20AN2F01	28.09.2020	2020	272	2	2	45	146	959780.6864	10720870.6
20AN2F01	28.09.2020	2020	272	2	2	47	148	959780.7955	10720866.32
20AN2F01	28.09.2020	2020	272	2	2	49	150	959780.8864	10720862.07
20AN2F01	28.09.2020	2020	272	2	2	51	153	959780.9909	10720857.77
20AN2F01	28.09.2020	2020	272	2	2	53	155	959781.0782	10720853.4
20AN2F01	28.09.2020	2020	272	2	2	55	157	959781.2127	10720849
20AN2F01	28.09.2020	2020	272	2	2	57	159	959781.3709	10720844.61
20AN2F01	28.09.2020	2020	272	2	2	59	161	959781.5236	10720840.18
20AN2F01	28.09.2020	2020	272	2	3	1	164	959781.7127	10720835.72
20AN2F01	28.09.2020	2020	272	2	3	3	166	959781.8936	10720831.3
20AN2F01	28.09.2020	2020	272	2	3	5	168	959782.0636	10720826.8
20AN2F01	28.09.2020	2020	272	2	3	7	170	959782.2864	10720822.23
20AN2F01	28.09.2020	2020	272	2	3	9	173	959782.5409	10720817.64
20AN2F01	28.09.2020	2020	272	2	3	11	175	959782.7891	10720813.09
20AN2F01	28.09.2020	2020	272	2	3	13	177	959783.1009	10720808.53
20AN2F01	28.09.2020	2020	272	2	3	15	180	959783.4518	10720803.93
20AN2F01	28.09.2020	2020	272	2	3	17	182	959783.8109	10720799.47
20AN2F01	28.09.2020	2020	272	2	3	19	184	959784.1727	10720795.02
20AN2F01	28.09.2020	2020	272	2	3	21	186	959784.5364	10720790.38
20AN2F01	28.09.2020	2020	272	2	3	23	189	959784.9136	10720785.7
20AN2F01	28.09.2020	2020	272	2	3	25	191	959785.2627	10720781.15
20AN2F01	28.09.2020	2020	272	2	3	27	193	959785.7282	10720776.45
20AN2F01	28.09.2020	2020	272	2	3	29	196	959786.2946	10720771.68
20AN2F01	28.09.2020	2020	272	2	3	31	198	959786.9136	10720767.07
20AN2F01	28.09.2020	2020	272	2	3	33	200	959787.5782	10720762.47
20AN2F01	28.09.2020	2020	272	2	3	35	203	959788.3427	10720757.82
20AN2F01	28.09.2020	2020	272	2	3	37	205	959789.1146	10720753.24
20AN2F01	28.09.2020	2020	272	2	3	39	207	959789.8973	10720748.53
20AN2F01	28.09.2020	2020	272	2	3	41	210	959790.7173	10720743.78
20AN2F01	28.09.2020	2020	272	2	3	43	212	959791.5636	10720739.29
20AN2F01	28.09.2020	2020	272	2	3	45	215	959792.4327	10720734.51
20AN2F01	28.09.2020	2020	272	2	3	47	217	959793.3391	10720729.7
20AN2F01	28.09.2020	2020	272	2	3	49	219	959794.3164	10720724.87
20AN2F01	28.09.2020	2020	272	2	3	51	222	959795.2927	10720720.23
20AN2F01	28.09.2020	2020	272	2	3	53	224	959796.2946	10720715.45
20AN2F01	28.09.2020	2020	272	2	3	55	227	959797.3055	10720710.62
20AN2F01	28.09.2020	2020	272	2	3	57	229	959798.3591	10720705.88
20AN2F01	28.09.2020	2020	272	2	3	59	232	959799.3827	10720701.14
20AN2F01	28.09.2020	2020	272	2	4	1	234	959800.3791	10720696.37
20AN2F01	28.09.2020	2020	272	2	4	3	237	959801.3164	10720691.56
20AN2F01	28.09.2020	2020	272	2	4	5	239	959802.2582	10720686.73
20AN2F01	28.09.2020	2020	272	2	4	7	241	959803.1909	10720681.95
20AN2F01	28.09.2020	2020	272	2	4	9	244	959804.0609	10720677.1
20AN2F01	28.09.2020	2020	272	2	4	11	246	959804.8791	10720672.25
20AN2F01	28.09.2020	2020	272	2	4	13	249	959805.6718	10720667.25
20AN2F01	28.09.2020	2020	272	2	4	15	251	959806.3946	10720662.33
20AN2F01	28.09.2020	2020	272	2	4	17	254	959807.0191	10720657.44
20AN2F01	28.09.2020	2020	272	2	4	19	256	959807.63	10720652.51
20AN2F01	28.09.2020	2020	272	2	4	21	259	959808.2236	10720647.63
20AN2F01	28.09.2020	2020	272	2	4	23	261	959808.7409	10720642.72
20AN2F01	28.09.2020	2020	272	2	4	25	264	959809.3109	10720637.94
20AN2F01	28.09.2020	2020	272	2	4	27	266	959809.8309	10720633.12
20AN2F01	28.09.2020	2020	272	2	4	29	269	959810.3018	10720628.16
20AN2F01	28.09.2020	2020	272	2	4	31	271	959810.8082	10720623.2
20AN2F01	28.09.2020	2020	272	2	4	33	273	959811.2427	10720618.33
20AN2F01	28.09.2020	2020	272	2	4	35	276	959811.7436	10720613.33
20AN2F01	28.09.2020	2020	272	2	4	37	278	959812.2236	10720608.4
20AN2F01	28.09.2020	2020	272	2	4	39	281	959812.7227	10720603.53
20AN2F01	28.09.2020	2020	272	2	4	41	283	959813.2673	10720598.89
20AN2F01	28.09.2020	2020	272	2	4	43	286	959813.7818	10720594.09
20AN2F01	28.09.2020	2020	272	2	4	45	288	959814.2864	10720589.25
20AN2F01	28.09.2020	2020	272	2	4	47	291	959814.7946	10720584.39
20AN2F01	28.09.2020	2020	272	2	4	49	293	959815.2946	10720579.64
20AN2F01	28.09.2020	2020	272	2	4	51	295	959815.7255	10720574.72
20AN2F01	28.09.2020	2020	272	2	4	53	298	959816.1836	10720569.71
20AN2F01	28.09.2020	2020	272	2	4	55	300	959816.6146	10720564.77
20AN2F01	28.09.2020	2020	272	2	4	57	303	959816.9355	10720559.87
20AN2F01	28.09.2020	2020	272	2	4	59	305	959817.2691	10720554.83
20AN2F01	28.09.2020	2020	272	2	5	1	308	959817.6736	10720549.92
20AN2F01	28.09.2020	2020	272	2	5	3	310	959818.1336	10720545.07
20AN2F01	28.09.2020	2020	272	2	5	5	313	959818.6873	10720540
20AN2F01	28.09.2020	2020	272	2	5	7	315	959819.2973	10720535.12
20AN2F01	28.09.2020	2020	272	2	5	9	318	959819.9718	10720530.26
20AN2F01	28.09.2020	2020	272	2	5	11	320	959820.6082	10720525.41
20AN2F01	28.09.2020	2020	272	2	5	13	323	959821.2982	10720520.53
20AN2F01	28.09.2020	2020	272	2	5	15	325	959821.9646	10720515.61
20AN2F01	28.09.2020	2020	272	2	5	17	328	959822.6282	10720510.73
20AN2F01	28.09.2020	2020	272	2	5	19	330	959823.4427	10720505.76
20AN2F01	28.09.2020	2020	272	2	5	21	333	959824.2991	10720500.85
20AN2F01	28.09.2020	2020	272	2	5	23	335	959825.1746	10720495.92
20AN2F01	28.09.2020	2020	272	2	5	25	338	959825.9991	10720490.96
20AN2F01	28.09.2020	2020	272	2	5	27	340	959827.0027	10720486.04
20AN2F01	28.09.2020	2020	272	2	5	29	343	959827.8946	10720481.34
20AN2F01	28.09.2020	2020	272	2	5	31	345	959828.8173	10720476.31
20AN2F01	28.09.2020	2020	272	2	5	33	348	959829.9782	10720471.43
20AN2F01	28.09.2020	2020	272	2	5	35	350	959831.1646	10720466.57
20AN2F01	28.09.2020	2020	272	2	5	37	353	959832.3346	10720461.72
20AN2F01	28.09.2020	2020	272	2	5	39	355	959833.5882	10720456.84
20AN2F01	28.09.2020	2020	272	2	5	41	358	959834.85	10720451.82
20AN2F01	28.09.2020	2020	272	2	5	43	360	959835.9546	10720447.02
20AN2F01	28.09.2020	2020	272	2	5	45	363	959837.0236	10720442.26
20AN2F01	28.09.2020	2020	272	2	5	47	365	959838.1609	10720437.42
20AN2F01	28.09.2020	2020	272	2	5	49	368	959839.1827	10720432.62
20AN2F01	28.09.2020	2020	272	2	5	51	370	959840.2509	10720427.8
20AN2F01	28.09.2020	2020	272	2	5	53	372	959841.2491	10720422.98
20AN2F01	28.09.2020	2020	272	2	5	55	375	959842.2409	10720418.07
20AN2F01	28.09.2020	2020	272	2	5	57	377	959843.1927	10720413.32
20AN2F01	28.09.2020	2020	272	2	5	59	380	959844.1536	10720408.48
20AN2F01	28.09.2020	2020	272	2	6	1	382	959845.0282	10720403.6
20AN2F01	28.09.2020	2020	272	2	6	3	385	959845.8736	10720398.72
20AN2F01	28.09.2020	2020	272	2	6	5	387	959846.7327	10720393.77
20AN2F01	28.09.2020	2020	272	2	6	7	390	959847.4318	10720388.76
20AN2F01	28.09.2020	2020	272	2	6	9	392	959848.0782	10720383.78
20AN2F01	28.09.2020	2020	272	2	6	11	395	959848.6427	10720378.9
20AN2F01	28.09.2020	2020	272	2	6	13	397	959849.1364	10720373.94
20AN2F01	28.09.2020	2020	272	2	6	15	400	959849.5691	10720369.03
20AN2F01	28.09.2020	2020	272	2	6	17	402	959850.0136	10720364.11
20AN2F01	28.09.2020	2020	272	2	6	19	405	959850.4355	10720359.2
20AN2F01	28.09.2020	2020	272	2	6	21	407	959850.7627	10720354.27
20AN2F01	28.09.2020	2020	272	2	6	23	410	959851.0573	10720349.38
20AN2F01	28.09.2020	2020	272	2	6	25	412	959851.35	10720344.5
20AN2F01	28.09.2020	2020	272	2	6	27	415	959851.5827	10720339.64
20AN2F01	28.09.2020	2020	272	2	6	29	417	959851.8446	10720334.8
20AN2F01	28.09.2020	2020	272	2	6	31	419	959852.0727	10720329.86
20AN2F01	28.09.2020	2020	272	2	6	33	422	959852.3209	10720324.9
20AN2F01	28.09.2020	2020	272	2	6	35	424	959852.5527	10720320.05
20AN2F01	28.09.2020	2020	272	2	6	37	427	959852.8455	10720315.18
20AN2F01	28.09.2020	2020	272	2	6	39	429	959853.1109	10720310.26
20AN2F01	28.09.2020	2020	272	2	6	41	432	959853.4236	10720305.43
20AN2F01	28.09.2020	2020	272	2	6	43	434	959853.7555	10720300.63
20AN2F01	28.09.2020	2020	272	2	6	45	436	959854.1255	10720295.77
20AN2F01	28.09.2020	2020	272	2	6	47	439	959854.4682	10720290.88
20AN2F01	28.09.2020	2020	272	2	6	49	441	959854.8155	10720286
20AN2F01	28.09.2020	2020	272	2	6	51	444	959855.1618	10720281.16
20AN2F01	28.09.2020	2020	272	2	6	53	446	959855.5091	10720276.34
20AN2F01	28.09.2020	2020	272	2	6	55	449	959855.8836	10720271.49
20AN2F01	28.09.2020	2020	272	2	6	57	451	959856.2109	10720266.6
20AN2F01	28.09.2020	2020	272	2	6	59	454	959856.59	10720261.76
20AN2F01	28.09.2020	2020	272	2	7	1	456	959856.9773	10720256.95
20AN2F01	28.09.2020	2020	272	2	7	3	458	959857.3218	10720252.25
20AN2F01	28.09.2020	2020	272	2	7	5	461	959857.7991	10720247.48
20AN2F01	28.09.2020	2020	272	2	7	7	463	959858.3173	10720242.66
20AN2F01	28.09.2020	2020	272	2	7	9	465	959858.9046	10720237.99
20AN2F01	28.09.2020	2020	272	2	7	11	468	959859.5373	10720233.19
20AN2F01	28.09.2020	2020	272	2	7	13	470	959860.2564	10720228.45
20AN2F01	28.09.2020	2020	272	2	7	15	473	959861.0955	10720223.69
20AN2F01	28.09.2020	2020	272	2	7	17	475	959861.8855	10720219.06
20AN2F01	28.09.2020	2020	272	2	7	19	477	959862.7282	10720214.49
20AN2F01	28.09.2020	2020	272	2	7	21	480	959863.8109	10720209.78
20AN2F01	28.09.2020	2020	272	2	7	23	482	959864.8518	10720205.23
20AN2F01	28.09.2020	2020	272	2	7	25	485	959865.9455	10720200.53
20AN2F01	28.09.2020	2020	272	2	7	27	487	959867.0046	10720195.73
20AN2F01	28.09.2020	2020	272	2	7	29	489	959868.2091	10720190.92
20AN2F01	28.09.2020	2020	272	2	7	31	492	959869.3955	10720186.11
20AN2F01	28.09.2020	2020	272	2	7	33	494	959870.5355	10720181.33
20AN2F01	28.09.2020	2020	272	2	7	35	497	959871.8336	10720176.43
20AN2F01	28.09.2020	2020	272	2	7	37	499	959873.0218	10720171.74
20AN2F01	28.09.2020	2020	272	2	7	39	502	959874.2009	10720167.14
20AN2F01	28.09.2020	2020	272	2	7	41	504	959875.4009	10720162.4
20AN2F01	28.09.2020	2020	272	2	7	43	507	959876.51	10720157.71
20AN2F01	28.09.2020	2020	272	2	7	45	509	959877.5746	10720152.94
20AN2F01	28.09.2020	2020	272	2	7	47	512	959878.6418	10720148.09
20AN2F01	28.09.2020	2020	272	2	7	49	514	959879.6355	10720143.27
20AN2F01	28.09.2020	2020	272	2	7	51	517	959880.5436	10720138.27
20AN2F01	28.09.2020	2020	272	2	7	53	519	959881.4182	10720133.42
20AN2F01	28.09.2020	2020	272	2	7	55	521	959882.1546	10720128.47
20AN2F01	28.09.2020	2020	272	2	7	57	524	959882.8373	10720123.59
20AN2F01	28.09.2020	2020	272	2	7	59	526	959883.4291	10720118.81
20AN2F01	28.09.2020	2020	272	2	8	1	529	959883.9627	10720113.96
20AN2F01	28.09.2020	2020	272	2	8	3	531	959884.3873	10720109.1
20AN2F01	28.09.2020	2020	272	2	8	5	534	959884.8282	10720104.34
20AN2F01	28.09.2020	2020	272	2	8	7	536	959885.2618	10720099.5
20AN2F01	28.09.2020	2020	272	2	8	9	539	959885.6809	10720094.47
20AN2F01	28.09.2020	2020	272	2	8	11	541	959886.1091	10720089.58
20AN2F01	28.09.2020	2020	272	2	8	13	544	959886.5891	10720084.65
20AN2F01	28.09.2020	2020	272	2	8	15	546	959887.0709	10720079.62
20AN2F01	28.09.2020	2020	272	2	8	17	549	959887.4582	10720074.63
20AN2F01	28.09.2020	2020	272	2	8	19	551	959887.9382	10720069.83
20AN2F01	28.09.2020	2020	272	2	8	21	553	959888.3636	10720064.92
20AN2F01	28.09.2020	2020	272	2	8	23	556	959888.7791	10720059.93
20AN2F01	28.09.2020	2020	272	2	8	25	558	959889.2727	10720055.04
20AN2F01	28.09.2020	2020	272	2	8	27	561	959889.7636	10720050.2
20AN2F01	28.09.2020	2020	272	2	8	29	563	959890.19	10720045.28
20AN2F01	28.09.2020	2020	272	2	8	31	566	959890.6455	10720040.3
20AN2F01	28.09.2020	2020	272	2	8	33	568	959891.1991	10720035.38
20AN2F01	28.09.2020	2020	272	2	8	35	571	959891.6373	10720030.49
20AN2F01	28.09.2020	2020	272	2	8	37	573	959892.0591	10720025.54
20AN2F01	28.09.2020	2020	272	2	8	39	576	959892.5873	10720020.6
20AN2F01	28.09.2020	2020	272	2	8	41	578	959893.0964	10720015.58
20AN2F01	28.09.2020	2020	272	2	8	43	581	959893.5555	10720010.61
20AN2F01	28.09.2020	2020	272	2	8	45	583	959894.0273	10720005.68
20AN2F01	28.09.2020	2020	272	2	8	47	586	959894.5318	10720000.73
20AN2F01	28.09.2020	2020	272	2	8	49	588	959894.96	10719995.74
20AN2F01	28.09.2020	2020	272	2	8	51	591	959895.4136	10719990.63
20AN2F01	28.09.2020	2020	272	2	8	53	593	959895.9127	10719985.66
20AN2F01	28.09.2020	2020	272	2	8	55	596	959896.3755	10719980.66
20AN2F01	28.09.2020	2020	272	2	8	57	598	959896.7646	10719975.68
20AN2F01	28.09.2020	2020	272	2	8	59	601	959897.2136	10719970.65
20AN2F01	28.09.2020	2020	272	2	9	1	603	959897.6891	10719965.62
20AN2F01	28.09.2020	2020	272	2	9	3	606	959898.0809	10719960.61
20AN2F01	28.09.2020	2020	272	2	9	5	608	959898.5136	10719955.61
20AN2F01	28.09.2020	2020	272	2	9	7	611	959898.9982	10719950.52
20AN2F01	28.09.2020	2020	272	2	9	9	613	959899.47	10719945.56
20AN2F01	28.09.2020	2020	272	2	9	11	616	959899.9736	10719940.59
20AN2F01	28.09.2020	2020	272	2	9	13	618	959900.5209	10719935.63
20AN2F01	28.09.2020	2020	272	2	9	15	621	959901.0827	10719930.66
20AN2F01	28.09.2020	2020	272	2	9	17	623	959901.6255	10719925.72
20AN2F01	28.09.2020	2020	272	2	9	19	626	959902.2409	10719920.69
20AN2F01	28.09.2020	2020	272	2	9	21	628	959902.8418	10719915.64
20AN2F01	28.09.2020	2020	272	2	9	23	631	959903.4327	10719910.68
20AN2F01	28.09.2020	2020	272	2	9	25	633	959904.0773	10719905.93
20AN2F01	28.09.2020	2020	272	2	9	27	636	959904.7473	10719900.9
20AN2F01	28.09.2020	2020	272	2	9	29	638	959905.4518	10719895.97
20AN2F01	28.09.2020	2020	272	2	9	31	641	959906.18	10719890.96
20AN2F01	28.09.2020	2020	272	2	9	33	643	959906.9355	10719885.95
20AN2F01	28.09.2020	2020	272	2	9	35	646	959907.6227	10719880.77
20AN2F01	28.09.2020	2020	272	2	9	37	648	959908.2491	10719875.93
20AN2F01	28.09.2020	2020	272	2	9	39	651	959908.8991	10719870.97
20AN2F01	28.09.2020	2020	272	2	9	41	653	959909.5036	10719866.12
20AN2F01	28.09.2020	2020	272	2	9	43	656	959910.1146	10719861.34
20AN2F01	28.09.2020	2020	272	2	9	45	658	959910.8009	10719856.45
20AN2F01	28.09.2020	2020	272	2	9	47	661	959911.4964	10719851.45
20AN2F01	28.09.2020	2020	272	2	9	49	663	959912.2518	10719846.51
20AN2F01	28.09.2020	2020	272	2	9	51	666	959912.9073	10719841.74
20AN2F01	28.09.2020	2020	272	2	9	53	668	959913.64	10719836.69
20AN2F01	28.09.2020	2020	272	2	9	55	671	959914.3627	10719831.77
20AN2F01	28.09.2020	2020	272	2	9	57	673	959914.9918	10719826.88
20AN2F01	28.09.2020	2020	272	2	9	59	676	959915.7191	10719822.05
20AN2F01	28.09.2020	2020	272	2	10	1	678	959916.4982	10719817.04
20AN2F01	28.09.2020	2020	272	2	10	3	681	959917.2691	10719812.04
20AN2F01	28.09.2020	2020	272	2	10	5	683	959918.0227	10719807.08
20AN2F01	28.09.2020	2020	272	2	10	7	686	959918.8418	10719802.18
20AN2F01	28.09.2020	2020	272	2	10	9	688	959919.58	10719797.23
20AN2F01	28.09.2020	2020	272	2	10	11	691	959920.2455	10719792.19
20AN2F01	28.09.2020	2020	272	2	10	13	693	959920.9527	10719787.23
20AN2F01	28.09.2020	2020	272	2	10	15	696	959921.6273	10719782.22
20AN2F01	28.09.2020	2020	272	2	10	17	698	959922.2109	10719777.27
20AN2F01	28.09.2020	2020	272	2	10	19	701	959922.8782	10719772.28
20AN2F01	28.09.2020	2020	272	2	10	21	703	959923.4955	10719767.19
20AN2F01	28.09.2020	2020	272	2	10	23	706	959924.0818	10719762.26
20AN2F01	28.09.2020	2020	272	2	10	25	708	959924.6446	10719757.26
20AN2F01	28.09.2020	2020	272	2	10	27	711	959925.2327	10719752.2
20AN2F01	28.09.2020	2020	272	2	10	29	713	959925.8336	10719747.2
20AN2F01	28.09.2020	2020	272	2	10	31	716	959926.3709	10719742.24
20AN2F01	28.09.2020	2020	272	2	10	33	718	959926.9618	10719737.21
20AN2F01	28.09.2020	2020	272	2	10	35	721	959927.6255	10719732.27
20AN2F01	28.09.2020	2020	272	2	10	37	723	959928.2236	10719727.23
20AN2F01	28.09.2020	2020	272	2	10	39	726	959928.9173	10719722.19
20AN2F01	28.09.2020	2020	272	2	10	41	729	959929.6391	10719717.16
20AN2F01	28.09.2020	2020	272	2	10	43	731	959930.4018	10719712.2
20AN2F01	28.09.2020	2020	272	2	10	45	734	959931.1173	10719707.31
20AN2F01	28.09.2020	2020	272	2	10	47	736	959931.9236	10719702.4
20AN2F01	28.09.2020	2020	272	2	10	49	739	959932.7164	10719697.43
20AN2F01	28.09.2020	2020	272	2	10	51	741	959933.4546	10719692.52
20AN2F01	28.09.2020	2020	272	2	10	53	744	959934.1646	10719687.6
20AN2F01	28.09.2020	2020	272	2	10	55	746	959934.8764	10719682.61
20AN2F01	28.09.2020	2020	272	2	10	57	749	959935.5064	10719677.58
20AN2F01	28.09.2020	2020	272	2	10	59	751	959936.1727	10719672.64
20AN2F01	28.09.2020	2020	272	2	11	1	754	959936.8318	10719667.72
20AN2F01	28.09.2020	2020	272	2	11	3	756	959937.5055	10719662.72
20AN2F01	28.09.2020	2020	272	2	11	5	759	959938.2318	10719657.76
20AN2F01	28.09.2020	2020	272	2	11	7	761	959938.9964	10719652.8
20AN2F01	28.09.2020	2020	272	2	11	9	764	959939.7591	10719647.91
20AN2F01	28.09.2020	2020	272	2	11	11	766	959940.4836	10719643.07
20AN2F01	28.09.2020	2020	272	2	11	13	769	959941.3673	10719638.1
20AN2F01	28.09.2020	2020	272	2	11	15	771	959942.16	10719633.29
20AN2F01	28.09.2020	2020	272	2	11	17	773	959942.9246	10719628.5
20AN2F01	28.09.2020	2020	272	2	11	19	776	959943.68	10719623.62
20AN2F01	28.09.2020	2020	272	2	11	21	778	959944.4273	10719618.74
20AN2F01	28.09.2020	2020	272	2	11	23	781	959945.09	10719613.99
20AN2F01	28.09.2020	2020	272	2	11	25	783	959945.7918	10719609.13
20AN2F01	28.09.2020	2020	272	2	11	27	786	959946.4773	10719604.17
20AN2F01	28.09.2020	2020	272	2	11	29	788	959947.1709	10719599.42
20AN2F01	28.09.2020	2020	272	2	11	31	791	959947.8736	10719594.52
20AN2F01	28.09.2020	2020	272	2	11	33	793	959948.7055	10719589.48
20AN2F01	28.09.2020	2020	272	2	11	35	796	959949.4891	10719584.62
20AN2F01	28.09.2020	2020	272	2	11	37	798	959950.2182	10719579.76
20AN2F01	28.09.2020	2020	272	2	11	39	801	959951.0918	10719574.74
20AN2F01	28.09.2020	2020	272	2	11	41	803	959951.8946	10719569.79
20AN2F01	28.09.2020	2020	272	2	11	43	806	959952.6446	10719564.96
20AN2F01	28.09.2020	2020	272	2	11	45	808	959953.4446	10719560.01
20AN2F01	28.09.2020	2020	272	2	11	47	810	959954.2746	10719555.19
20AN2F01	28.09.2020	2020	272	2	11	49	813	959955.0782	10719550.29
20AN2F01	28.09.2020	2020	272	2	11	51	815	959955.9227	10719545.38
20AN2F01	28.09.2020	2020	272	2	11	53	818	959956.8336	10719540.35
20AN2F01	28.09.2020	2020	272	2	11	55	821	959957.6491	10719535.28
20AN2F01	28.09.2020	2020	272	2	11	57	823	959958.5082	10719530.33
20AN2F01	28.09.2020	2020	272	2	11	59	826	959959.3782	10719525.2
20AN2F01	28.09.2020	2020	272	2	12	1	828	959960.1091	10719520.2
20AN2F01	28.09.2020	2020	272	2	12	3	831	959960.8191	10719515.34
20AN2F01	28.09.2020	2020	272	2	12	5	833	959961.4727	10719510.48
20AN2F01	28.09.2020	2020	272	2	12	7	836	959962.0827	10719505.6
20AN2F01	28.09.2020	2020	272	2	12	9	838	959962.6627	10719500.7
20AN2F01	28.09.2020	2020	272	2	12	11	841	959963.3027	10719495.75
20AN2F01	28.09.2020	2020	272	2	12	13	843	959963.9246	10719490.7
20AN2F01	28.09.2020	2020	272	2	12	15	846	959964.5609	10719485.74
20AN2F01	28.09.2020	2020	272	2	12	17	848	959965.2255	10719480.74
20AN2F01	28.09.2020	2020	272	2	12	19	851	959965.9236	10719475.64
20AN2F01	28.09.2020	2020	272	2	12	21	853	959966.62	10719470.56
20AN2F01	28.09.2020	2020	272	2	12	23	856	959967.24	10719465.57
20AN2F01	28.09.2020	2020	272	2	12	25	858	959967.9255	10719460.46
20AN2F01	28.09.2020	2020	272	2	12	27	861	959968.5736	10719455.34
20AN2F01	28.09.2020	2020	272	2	12	29	863	959969.2036	10719450.26
20AN2F01	28.09.2020	2020	272	2	12	31	866	959969.7518	10719445.23
20AN2F01	28.09.2020	2020	272	2	12	33	869	959970.3227	10719440.1
20AN2F01	28.09.2020	2020	272	2	12	35	871	959970.8136	10719434.97
20AN2F01	28.09.2020	2020	272	2	12	37	874	959971.3182	10719429.94
20AN2F01	28.09.2020	2020	272	2	12	39	876	959971.7646	10719424.88
20AN2F01	28.09.2020	2020	272	2	12	41	879	959972.26	10719419.76
20AN2F01	28.09.2020	2020	272	2	12	43	881	959972.7064	10719414.74
20AN2F01	28.09.2020	2020	272	2	12	45	884	959973.1946	10719409.75
20AN2F01	28.09.2020	2020	272	2	12	47	886	959973.6764	10719404.73
20AN2F01	28.09.2020	2020	272	2	12	49	889	959974.16	10719399.58
20AN2F01	28.09.2020	2020	272	2	12	51	892	959974.6964	10719394.47
20AN2F01	28.09.2020	2020	272	2	12	53	894	959975.18	10719389.42
20AN2F01	28.09.2020	2020	272	2	12	55	897	959975.7018	10719384.29
20AN2F01	28.09.2020	2020	272	2	12	57	899	959976.2691	10719379.16
20AN2F01	28.09.2020	2020	272	2	12	59	902	959976.8146	10719374.17
20AN2F01	28.09.2020	2020	272	2	13	1	904	959977.3964	10719369.11
20AN2F01	28.09.2020	2020	272	2	13	3	907	959978.0173	10719364.02
20AN2F01	28.09.2020	2020	272	2	13	5	909	959978.6564	10719358.97
20AN2F01	28.09.2020	2020	272	2	13	7	912	959979.2482	10719354.05
20AN2F01	28.09.2020	2020	272	2	13	9	914	959979.8746	10719349.14
20AN2F01	28.09.2020	2020	272	2	13	11	917	959980.4782	10719344.15
20AN2F01	28.09.2020	2020	272	2	13	13	919	959981.0364	10719339.27
20AN2F01	28.09.2020	2020	272	2	13	15	922	959981.6773	10719334.27
20AN2F01	28.09.2020	2020	272	2	13	17	924	959982.3282	10719329.43
20AN2F01	28.09.2020	2020	272	2	13	19	927	959982.9882	10719324.58
20AN2F01	28.09.2020	2020	272	2	13	21	929	959983.6182	10719319.6
20AN2F01	28.09.2020	2020	272	2	13	23	932	959984.4046	10719314.6
20AN2F01	28.09.2020	2020	272	2	13	25	934	959985.1055	10719309.7
20AN2F01	28.09.2020	2020	272	2	13	27	937	959985.8527	10719304.73
20AN2F01	28.09.2020	2020	272	2	13	29	939	959986.6627	10719299.46
20AN2F01	28.09.2020	2020	272	2	13	31	942	959987.4946	10719294.4
20AN2F01	28.09.2020	2020	272	2	13	33	945	959988.2846	10719289.29
20AN2F01	28.09.2020	2020	272	2	13	35	947	959989.0027	10719284.33
20AN2F01	28.09.2020	2020	272	2	13	37	950	959989.8146	10719279.32
20AN2F01	28.09.2020	2020	272	2	13	39	952	959990.57	10719274.29
20AN2F01	28.09.2020	2020	272	2	13	41	955	959991.31	10719269.28
20AN2F01	28.09.2020	2020	272	2	13	43	957	959992.05	10719264.25
20AN2F01	28.09.2020	2020	272	2	13	45	960	959992.8527	10719259.2
20AN2F01	28.09.2020	2020	272	2	13	47	962	959993.5936	10719254.19
20AN2F01	28.09.2020	2020	272	2	13	49	965	959994.3327	10719249.15
20AN2F01	28.09.2020	2020	272	2	13	51	967	959995.0391	10719244.06
20AN2F01	28.09.2020	2020	272	2	13	53	970	959995.7473	10719239.16
20AN2F01	28.09.2020	2020	272	2	13	55	972	959996.3846	10719234.28
20AN2F01	28.09.2020	2020	272	2	13	57	975	959997.0155	10719229.39
20AN2F01	28.09.2020	2020	272	2	13	59	977	959997.6491	10719224.41
20AN2F01	28.09.2020	2020	272	2	14	1	980	959998.2891	10719219.55
20AN2F01	28.09.2020	2020	272	2	14	3	982	959998.9309	10719214.56
20AN2F01	28.09.2020	2020	272	2	14	5	985	959999.5855	10719209.67
20AN2F01	28.09.2020	2020	272	2	14	7	987	960000.22	10719204.63
20AN2F01	28.09.2020	2020	272	2	14	9	990	960000.8664	10719199.6
20AN2F01	28.09.2020	2020	272	2	14	11	992	960001.52	10719194.68
20AN2F01	28.09.2020	2020	272	2	14	13	995	960002.1336	10719189.69
20AN2F01	28.09.2020	2020	272	2	14	15	997	960002.7591	10719184.7
20AN2F01	28.09.2020	2020	272	2	14	17	1000	960003.3164	10719179.71
20AN2F01	28.09.2020	2020	272	2	14	19	1002	960003.9555	10719174.81
20AN2F01	28.09.2020	2020	272	2	14	21	1005	960004.5591	10719169.88
20AN2F01	28.09.2020	2020	272	2	14	23	1007	960005.1382	10719164.96
20AN2F01	28.09.2020	2020	272	2	14	25	1010	960005.7818	10719160.06
20AN2F01	28.09.2020	2020	272	2	14	27	1012	960006.4091	10719155.17
20AN2F01	28.09.2020	2020	272	2	14	29	1015	960007.0527	10719150.21
20AN2F01	28.09.2020	2020	272	2	14	31	1017	960007.7746	10719145.21
20AN2F01	28.09.2020	2020	272	2	14	33	1020	960008.4391	10719140.21
20AN2F01	28.09.2020	2020	272	2	14	35	1022	960009.0964	10719135.36
20AN2F01	28.09.2020	2020	272	2	14	37	1025	960009.7573	10719130.29
20AN2F01	28.09.2020	2020	272	2	14	39	1027	960010.4818	10719125.27
20AN2F01	28.09.2020	2020	272	2	14	41	1030	960011.1491	10719120.31
20AN2F01	28.09.2020	2020	272	2	14	43	1032	960011.8155	10719115.36
20AN2F01	28.09.2020	2020	272	2	14	45	1035	960012.5218	10719110.17
20AN2F01	28.09.2020	2020	272	2	14	47	1037	960013.2064	10719105.2
20AN2F01	28.09.2020	2020	272	2	14	49	1040	960013.8718	10719100.19
20AN2F01	28.09.2020	2020	272	2	14	51	1043	960014.5127	10719095.14
20AN2F01	28.09.2020	2020	272	2	14	53	1045	960015.1382	10719090.14
20AN2F01	28.09.2020	2020	272	2	14	55	1048	960015.81	10719085.08
20AN2F01	28.09.2020	2020	272	2	14	57	1050	960016.4136	10719079.96
20AN2F01	28.09.2020	2020	272	2	14	59	1053	960017.0609	10719074.94
20AN2F01	28.09.2020	2020	272	2	15	1	1055	960017.6964	10719070.03
20AN2F01	28.09.2020	2020	272	2	15	3	1058	960018.3018	10719065.01
20AN2F01	28.09.2020	2020	272	2	15	5	1060	960018.8691	10719060.07
20AN2F01	28.09.2020	2020	272	2	15	7	1063	960019.5291	10719055.06
20AN2F01	28.09.2020	2020	272	2	15	9	1065	960020.1327	10719050.14
20AN2F01	28.09.2020	2020	272	2	15	11	1068	960020.6418	10719045.3
20AN2F01	28.09.2020	2020	272	2	15	13	1070	960021.3064	10719040.22
20AN2F01	28.09.2020	2020	272	2	15	15	1073	960021.9718	10719035.2
20AN2F01	28.09.2020	2020	272	2	15	17	1075	960022.6127	10719030.25
20AN2F01	28.09.2020	2020	272	2	15	19	1078	960023.2709	10719025.36
20AN2F01	28.09.2020	2020	272	2	15	21	1080	960023.9764	10719020.47
20AN2F01	28.09.2020	2020	272	2	15	23	1083	960024.7446	10719015.45
20AN2F01	28.09.2020	2020	272	2	15	25	1085	960025.3882	10719010.59
20AN2F01	28.09.2020	2020	272	2	15	27	1088	960026.1209	10719005.63
20AN2F01	28.09.2020	2020	272	2	15	29	1090	960026.8009	10719000.62
20AN2F01	28.09.2020	2020	272	2	15	31	1093	960027.5491	10718995.55
20AN2F01	28.09.2020	2020	272	2	15	33	1095	960028.3155	10718990.61
20AN2F01	28.09.2020	2020	272	2	15	35	1098	960028.97	10718985.62
20AN2F01	28.09.2020	2020	272	2	15	37	1100	960029.6127	10718980.55
20AN2F01	28.09.2020	2020	272	2	15	39	1103	960030.2291	10718975.78
20AN2F01	28.09.2020	2020	272	2	15	41	1105	960030.8618	10718970.75
20AN2F01	28.09.2020	2020	272	2	15	43	1108	960031.4436	10718965.66
20AN2F01	28.09.2020	2020	272	2	15	45	1110	960032.0291	10718960.62
20AN2F01	28.09.2020	2020	272	2	15	47	1113	960032.6564	10718955.56
20AN2F01	28.09.2020	2020	272	2	15	49	1116	960033.2464	10718950.29
20AN2F01	28.09.2020	2020	272	2	15	51	1118	960033.8855	10718945.18
20AN2F01	28.09.2020	2020	272	2	15	53	1121	960034.5309	10718940.11
20AN2F01	28.09.2020	2020	272	2	15	55	1123	960035.2046	10718934.94
20AN2F01	28.09.2020	2020	272	2	15	57	1126	960035.8446	10718929.93
20AN2F01	28.09.2020	2020	272	2	15	59	1128	960036.59	10718924.82
20AN2F01	28.09.2020	2020	272	2	16	1	1131	960037.3173	10718919.7
20AN2F01	28.09.2020	2020	272	2	16	3	1133	960038.0409	10718914.78
20AN2F01	28.09.2020	2020	272	2	16	5	1136	960038.8055	10718909.68
20AN2F01	28.09.2020	2020	272	2	16	7	1139	960039.5173	10718904.62
20AN2F01	28.09.2020	2020	272	2	16	9	1141	960040.2991	10718899.53
20AN2F01	28.09.2020	2020	272	2	16	11	1144	960041.0018	10718894.58
20AN2F01	28.09.2020	2020	272	2	16	13	1146	960041.7046	10718889.59
20AN2F01	28.09.2020	2020	272	2	16	15	1149	960042.44	10718884.54
20AN2F01	28.09.2020	2020	272	2	16	17	1151	960043.1055	10718879.59
20AN2F01	28.09.2020	2020	272	2	16	19	1154	960043.7827	10718874.52
20AN2F01	28.09.2020	2020	272	2	16	21	1156	960044.4709	10718869.47
20AN2F01	28.09.2020	2020	272	2	16	23	1159	960045.1473	10718864.43
20AN2F01	28.09.2020	2020	272	2	16	25	1161	960045.7336	10718859.4
20AN2F01	28.09.2020	2020	272	2	16	27	1164	960046.3236	10718854.35
20AN2F01	28.09.2020	2020	272	2	16	29	1167	960047.0318	10718849.26
20AN2F01	28.09.2020	2020	272	2	16	31	1169	960047.6246	10718844.29
20AN2F01	28.09.2020	2020	272	2	16	33	1172	960048.2491	10718839.24
20AN2F01	28.09.2020	2020	272	2	16	35	1174	960048.9491	10718834.15
20AN2F01	28.09.2020	2020	272	2	16	37	1177	960049.5782	10718829.27
20AN2F01	28.09.2020	2020	272	2	16	39	1179	960050.1427	10718824.29
20AN2F01	28.09.2020	2020	272	2	16	41	1182	960050.7655	10718819.31
20AN2F01	28.09.2020	2020	272	2	16	43	1184	960051.3955	10718814.33
20AN2F01	28.09.2020	2020	272	2	16	45	1187	960052.0109	10718809.3
20AN2F01	28.09.2020	2020	272	2	16	47	1189	960052.6464	10718804.19
20AN2F01	28.09.2020	2020	272	2	16	49	1192	960053.3564	10718799.1
20AN2F01	28.09.2020	2020	272	2	16	51	1194	960053.9655	10718794.03
20AN2F01	28.09.2020	2020	272	2	16	53	1197	960054.6055	10718788.89
20AN2F01	28.09.2020	2020	272	2	16	55	1200	960055.2727	10718783.78
20AN2F01	28.09.2020	2020	272	2	16	57	1202	960055.8873	10718778.72
20AN2F01	28.09.2020	2020	272	2	16	59	1205	960056.5391	10718773.59
20AN2F01	28.09.2020	2020	272	2	17	1	1207	960057.1127	10718768.65
20AN2F01	28.09.2020	2020	272	2	17	3	1210	960057.7482	10718763.63
20AN2F01	28.09.2020	2020	272	2	17	5	1212	960058.3491	10718758.6
20AN2F01	28.09.2020	2020	272	2	17	7	1215	960058.9491	10718753.57
20AN2F01	28.09.2020	2020	272	2	17	9	1217	960059.5582	10718748.57
20AN2F01	28.09.2020	2020	272	2	17	11	1220	960060.1364	10718743.51
20AN2F01	28.09.2020	2020	272	2	17	13	1222	960060.7482	10718738.22
20AN2F01	28.09.2020	2020	272	2	17	15	1225	960061.3755	10718733.17
20AN2F01	28.09.2020	2020	272	2	17	17	1228	960061.9664	10718728.03
20AN2F01	28.09.2020	2020	272	2	17	19	1230	960062.5564	10718722.98
20AN2F01	28.09.2020	2020	272	2	17	21	1233	960063.2146	10718717.81
20AN2F01	28.09.2020	2020	272	2	17	23	1235	960063.8173	10718712.76
20AN2F01	28.09.2020	2020	272	2	17	25	1238	960064.3936	10718707.63
20AN2F01	28.09.2020	2020	272	2	17	27	1240	960065.0046	10718702.56
20AN2F01	28.09.2020	2020	272	2	17	29	1243	960065.7027	10718697.44
20AN2F01	28.09.2020	2020	272	2	17	31	1246	960066.2736	10718692.42
20AN2F01	28.09.2020	2020	272	2	17	33	1248	960066.9364	10718687.38
20AN2F01	28.09.2020	2020	272	2	17	35	1251	960067.6564	10718682.42
20AN2F01	28.09.2020	2020	272	2	17	37	1253	960068.3573	10718677.46
20AN2F01	28.09.2020	2020	272	2	17	39	1256	960069.0791	10718672.39
20AN2F01	28.09.2020	2020	272	2	17	41	1258	960069.8255	10718667.28
20AN2F01	28.09.2020	2020	272	2	17	43	1261	960070.5236	10718662.16
20AN2F01	28.09.2020	2020	272	2	17	45	1263	960071.2709	10718657.03
20AN2F01	28.09.2020	2020	272	2	17	47	1266	960071.9527	10718651.87
20AN2F01	28.09.2020	2020	272	2	17	49	1269	960072.6173	10718646.78
20AN2F01	28.09.2020	2020	272	2	17	51	1271	960073.2191	10718641.7
20AN2F01	28.09.2020	2020	272	2	17	53	1274	960073.8273	10718636.56
20AN2F01	28.09.2020	2020	272	2	17	55	1276	960074.4564	10718631.52
20AN2F01	28.09.2020	2020	272	2	17	57	1279	960075.0864	10718626.46
20AN2F01	28.09.2020	2020	272	2	17	59	1281	960075.6655	10718621.28
20AN2F01	28.09.2020	2020	272	2	18	1	1284	960076.3218	10718616.09
20AN2F01	28.09.2020	2020	272	2	18	3	1287	960076.9973	10718611.04
20AN2F01	28.09.2020	2020	272	2	18	5	1289	960077.6255	10718605.96
20AN2F01	28.09.2020	2020	272	2	18	7	1292	960078.2555	10718600.9
20AN2F01	28.09.2020	2020	272	2	18	9	1294	960078.9018	10718595.92
20AN2F01	28.09.2020	2020	272	2	18	11	1297	960079.5036	10718590.98
20AN2F01	28.09.2020	2020	272	2	18	13	1299	960080.0818	10718586.01
20AN2F01	28.09.2020	2020	272	2	18	15	1302	960080.6482	10718581.18
20AN2F01	28.09.2020	2020	272	2	18	17	1304	960081.2191	10718576.34
20AN2F01	28.09.2020	2020	272	2	18	19	1307	960081.8373	10718571.3
20AN2F01	28.09.2020	2020	272	2	18	21	1309	960082.4791	10718566.31
20AN2F01	28.09.2020	2020	272	2	18	23	1312	960083.1718	10718561.32
20AN2F01	28.09.2020	2020	272	2	18	25	1314	960083.9173	10718556.21
20AN2F01	28.09.2020	2020	272	2	18	27	1317	960084.72	10718551.03
20AN2F01	28.09.2020	2020	272	2	18	29	1319	960085.5382	10718546.01
20AN2F01	28.09.2020	2020	272	2	18	31	1322	960086.41	10718540.91
20AN2F01	28.09.2020	2020	272	2	18	33	1324	960087.1627	10718535.97
20AN2F01	28.09.2020	2020	272	2	18	35	1327	960088.0364	10718530.96
20AN2F01	28.09.2020	2020	272	2	18	37	1330	960088.88	10718525.94
20AN2F01	28.09.2020	2020	272	2	18	39	1332	960089.6791	10718520.96
20AN2F01	28.09.2020	2020	272	2	18	41	1335	960090.4027	10718515.91
20AN2F01	28.09.2020	2020	272	2	18	43	1337	960091.2064	10718510.84
20AN2F01	28.09.2020	2020	272	2	18	45	1340	960091.96	10718505.87
20AN2F01	28.09.2020	2020	272	2	18	47	1342	960092.6482	10718500.88
20AN2F01	28.09.2020	2020	272	2	18	49	1345	960093.3455	10718495.88
20AN2F01	28.09.2020	2020	272	2	18	51	1347	960094.0509	10718490.85
20AN2F01	28.09.2020	2020	272	2	18	53	1350	960094.7536	10718485.76
20AN2F01	28.09.2020	2020	272	2	18	55	1352	960095.42	10718480.68
20AN2F01	28.09.2020	2020	272	2	18	57	1355	960096.1036	10718475.59
20AN2F01	28.09.2020	2020	272	2	18	59	1358	960096.8364	10718470.5
20AN2F01	28.09.2020	2020	272	2	19	1	1360	960097.48	10718465.56
20AN2F01	28.09.2020	2020	272	2	19	3	1363	960098.14	10718460.49
20AN2F01	28.09.2020	2020	272	2	19	5	1365	960098.8218	10718455.46
20AN2F01	28.09.2020	2020	272	2	19	7	1368	960099.49	10718450.45
20AN2F01	28.09.2020	2020	272	2	19	9	1370	960100.0973	10718445.49
20AN2F01	28.09.2020	2020	272	2	19	11	1373	960100.7827	10718440.4
20AN2F01	28.09.2020	2020	272	2	19	13	1375	960101.5291	10718435.17
20AN2F01	28.09.2020	2020	272	2	19	15	1378	960102.2309	10718430.12
20AN2F01	28.09.2020	2020	272	2	19	17	1381	960102.9109	10718424.97
20AN2F01	28.09.2020	2020	272	2	19	19	1383	960103.6418	10718419.85
20AN2F01	28.09.2020	2020	272	2	19	21	1386	960104.3664	10718414.66
20AN2F01	28.09.2020	2020	272	2	19	23	1388	960105.0518	10718409.6
20AN2F01	28.09.2020	2020	272	2	19	25	1391	960105.6682	10718404.52
20AN2F01	28.09.2020	2020	272	2	19	27	1393	960106.3364	10718399.5
20AN2F01	28.09.2020	2020	272	2	19	29	1396	960106.9955	10718394.38
20AN2F01	28.09.2020	2020	272	2	19	31	1399	960107.5918	10718389.21
20AN2F01	28.09.2020	2020	272	2	19	33	1401	960108.2164	10718384.06
20AN2F01	28.09.2020	2020	272	2	19	35	1404	960108.8936	10718378.95
20AN2F01	28.09.2020	2020	272	2	19	37	1406	960109.4509	10718373.86
20AN2F01	28.09.2020	2020	272	2	19	39	1409	960110.0446	10718368.67
20AN2F01	28.09.2020	2020	272	2	19	41	1411	960110.6618	10718363.59
20AN2F01	28.09.2020	2020	272	2	19	43	1414	960111.2327	10718358.48
20AN2F01	28.09.2020	2020	272	2	19	45	1417	960111.8055	10718353.36
20AN2F01	28.09.2020	2020	272	2	19	47	1419	960112.4127	10718348.25
20AN2F01	28.09.2020	2020	272	2	19	49	1422	960113.0109	10718343.22
20AN2F01	28.09.2020	2020	272	2	19	51	1424	960113.6455	10718338.18
20AN2F01	28.09.2020	2020	272	2	19	53	1427	960114.3718	10718333.18
20AN2F01	28.09.2020	2020	272	2	19	55	1429	960115.0027	10718328.2
20AN2F01	28.09.2020	2020	272	2	19	57	1432	960115.6209	10718323.39
20AN2F01	28.09.2020	2020	272	2	19	59	1434	960116.3055	10718318.34
20AN2F01	28.09.2020	2020	272	2	20	1	1437	960116.9127	10718313.38
20AN2F01	28.09.2020	2020	272	2	20	3	1439	960117.5646	10718308.27
20AN2F01	28.09.2020	2020	272	2	20	5	1442	960118.1555	10718303.33
20AN2F01	28.09.2020	2020	272	2	20	7	1444	960118.7782	10718298.33
20AN2F01	28.09.2020	2020	272	2	20	9	1447	960119.4136	10718293.21
20AN2F01	28.09.2020	2020	272	2	20	11	1449	960120.0327	10718288.21
20AN2F01	28.09.2020	2020	272	2	20	13	1452	960120.6664	10718283.28
20AN2F01	28.09.2020	2020	272	2	20	15	1454	960121.2982	10718278.29
20AN2F01	28.09.2020	2020	272	2	20	17	1457	960122.0082	10718273.29
20AN2F01	28.09.2020	2020	272	2	20	19	1460	960122.6582	10718268.31
20AN2F01	28.09.2020	2020	272	2	20	21	1462	960123.3918	10718263.55
20AN2F01	28.09.2020	2020	272	2	20	23	1464	960124.0518	10718258.66
20AN2F01	28.09.2020	2020	272	2	20	25	1467	960124.7773	10718253.64
20AN2F01	28.09.2020	2020	272	2	20	27	1469	960125.51	10718248.64
20AN2F01	28.09.2020	2020	272	2	20	29	1472	960126.1955	10718243.67
20AN2F01	28.09.2020	2020	272	2	20	31	1475	960126.9382	10718238.57
20AN2F01	28.09.2020	2020	272	2	20	33	1477	960127.6391	10718233.57
20AN2F01	28.09.2020	2020	272	2	20	35	1480	960128.3382	10718228.41
20AN2F01	28.09.2020	2020	272	2	20	37	1482	960128.9982	10718223.4
20AN2F01	28.09.2020	2020	272	2	20	39	1485	960129.6036	10718218.48
20AN2F01	28.09.2020	2020	272	2	20	41	1487	960130.2027	10718213.39
20AN2F01	28.09.2020	2020	272	2	20	43	1490	960130.8046	10718208.43
20AN2F01	28.09.2020	2020	272	2	20	45	1492	960131.4009	10718203.4
20AN2F01	28.09.2020	2020	272	2	20	47	1495	960131.9827	10718198.5
20AN2F01	28.09.2020	2020	272	2	20	49	1497	960132.6382	10718193.52
20AN2F01	28.09.2020	2020	272	2	20	51	1500	960133.3127	10718188.41
20AN2F01	28.09.2020	2020	272	2	20	53	1502	960133.9527	10718183.52
20AN2F01	28.09.2020	2020	272	2	20	55	1505	960134.6	10718178.45
20AN2F01	28.09.2020	2020	272	2	20	57	1507	960135.2464	10718173.35
20AN2F01	28.09.2020	2020	272	2	20	59	1510	960135.88	10718168.2
20AN2F01	28.09.2020	2020	272	2	21	1	1513	960136.5536	10718163.19
20AN2F01	28.09.2020	2020	272	2	21	3	1515	960137.18	10718158.23
20AN2F01	28.09.2020	2020	272	2	21	5	1518	960137.88	10718153.28
20AN2F01	28.09.2020	2020	272	2	21	7	1520	960138.52	10718148.36
20AN2F01	28.09.2020	2020	272	2	21	9	1523	960139.1855	10718143.41
20AN2F01	28.09.2020	2020	272	2	21	11	1525	960139.8946	10718138.44
20AN2F01	28.09.2020	2020	272	2	21	13	1528	960140.4946	10718133.41
20AN2F01	28.09.2020	2020	272	2	21	15	1530	960141.21	10718128.15
20AN2F01	28.09.2020	2020	272	2	21	17	1533	960141.9164	10718123.09
20AN2F01	28.09.2020	2020	272	2	21	19	1535	960142.57	10718118.03
20AN2F01	28.09.2020	2020	272	2	21	21	1538	960143.2818	10718112.98
20AN2F01	28.09.2020	2020	272	2	21	23	1540	960144.0218	10718107.89
20AN2F01	28.09.2020	2020	272	2	21	25	1543	960144.6964	10718102.81
20AN2F01	28.09.2020	2020	272	2	21	27	1545	960145.3273	10718097.85
20AN2F01	28.09.2020	2020	272	2	21	29	1548	960146.0309	10718092.78
20AN2F01	28.09.2020	2020	272	2	21	31	1551	960146.7664	10718087.67
20AN2F01	28.09.2020	2020	272	2	21	33	1553	960147.3709	10718082.52
20AN2F01	28.09.2020	2020	272	2	21	35	1556	960148.04	10718077.66
20AN2F01	28.09.2020	2020	272	2	21	37	1558	960148.7964	10718072.61
20AN2F01	28.09.2020	2020	272	2	21	39	1561	960149.4636	10718067.48
20AN2F01	28.09.2020	2020	272	2	21	41	1563	960150.1182	10718062.33
20AN2F01	28.09.2020	2020	272	2	21	43	1566	960150.84	10718057.34
20AN2F01	28.09.2020	2020	272	2	21	45	1569	960151.5655	10718052.13
20AN2F01	28.09.2020	2020	272	2	21	47	1571	960152.2064	10718046.96
20AN2F01	28.09.2020	2020	272	2	21	49	1574	960152.9527	10718041.92
20AN2F01	28.09.2020	2020	272	2	21	51	1576	960153.6582	10718036.97
20AN2F01	28.09.2020	2020	272	2	21	53	1579	960154.3864	10718032.06
20AN2F01	28.09.2020	2020	272	2	21	55	1581	960155.1027	10718027.18
20AN2F01	28.09.2020	2020	272	2	21	57	1584	960155.9382	10718022.14
20AN2F01	28.09.2020	2020	272	2	21	59	1586	960156.6546	10718017.19
20AN2F01	28.09.2020	2020	272	2	22	1	1589	960157.3927	10718012.22
20AN2F01	28.09.2020	2020	272	2	22	3	1591	960158.2309	10718007.17
20AN2F01	28.09.2020	2020	272	2	22	5	1594	960158.9118	10718002.08
20AN2F01	28.09.2020	2020	272	2	22	7	1596	960159.6227	10717996.96
20AN2F01	28.09.2020	2020	272	2	22	9	1599	960160.2955	10717991.99
20AN2F01	28.09.2020	2020	272	2	22	11	1602	960160.9918	10717986.84
20AN2F01	28.09.2020	2020	272	2	22	13	1604	960161.56	10717981.71
20AN2F01	28.09.2020	2020	272	2	22	15	1607	960162.1964	10717976.72
20AN2F01	28.09.2020	2020	272	2	22	17	1609	960162.8491	10717971.72
20AN2F01	28.09.2020	2020	272	2	22	19	1612	960163.4755	10717966.61
20AN2F01	28.09.2020	2020	272	2	22	21	1614	960164.0627	10717961.61
20AN2F01	28.09.2020	2020	272	2	22	23	1617	960164.7055	10717956.56
20AN2F01	28.09.2020	2020	272	2	22	25	1619	960165.3491	10717951.47
20AN2F01	28.09.2020	2020	272	2	22	27	1622	960165.9473	10717946.33
20AN2F01	28.09.2020	2020	272	2	22	29	1624	960166.5982	10717941.33
20AN2F01	28.09.2020	2020	272	2	22	31	1627	960167.2882	10717936.32
20AN2F01	28.09.2020	2020	272	2	22	33	1630	960167.9936	10717931.06
20AN2F01	28.09.2020	2020	272	2	22	35	1632	960168.71	10717926
20AN2F01	28.09.2020	2020	272	2	22	37	1635	960169.4482	10717921
20AN2F01	28.09.2020	2020	272	2	22	39	1637	960170.2255	10717915.95
20AN2F01	28.09.2020	2020	272	2	22	41	1640	960170.9682	10717910.95
20AN2F01	28.09.2020	2020	272	2	22	43	1642	960171.8009	10717905.99
20AN2F01	28.09.2020	2020	272	2	22	45	1645	960172.64	10717901
20AN2F01	28.09.2020	2020	272	2	22	47	1647	960173.4682	10717896.04
20AN2F01	28.09.2020	2020	272	2	22	49	1650	960174.2927	10717891.07
20AN2F01	28.09.2020	2020	272	2	22	51	1652	960175.11	10717886.08
20AN2F01	28.09.2020	2020	272	2	22	53	1655	960175.9082	10717881.03
20AN2F01	28.09.2020	2020	272	2	22	55	1658	960176.7209	10717876.04
20AN2F01	28.09.2020	2020	272	2	22	57	1660	960177.4791	10717871.04
20AN2F01	28.09.2020	2020	272	2	22	59	1663	960178.2636	10717866.07
20AN2F01	28.09.2020	2020	272	2	23	1	1665	960179.0036	10717861.03
20AN2F01	28.09.2020	2020	272	2	23	3	1668	960179.8218	10717856.1
20AN2F01	28.09.2020	2020	272	2	23	5	1670	960180.5546	10717851.15
20AN2F01	28.09.2020	2020	272	2	23	7	1673	960181.3382	10717846.15
20AN2F01	28.09.2020	2020	272	2	23	9	1675	960182.1409	10717841.12
20AN2F01	28.09.2020	2020	272	2	23	11	1678	960182.8646	10717836.1
20AN2F01	28.09.2020	2020	272	2	23	13	1680	960183.6136	10717831.2
20AN2F01	28.09.2020	2020	272	2	23	15	1683	960184.4027	10717826.09
20AN2F01	28.09.2020	2020	272	2	23	17	1685	960185.1891	10717821.1
